2 0.000000 20.000000 82.066944
82 58 
1 -13.540000 0.000000 -13.167000 19.987603 -0.000001 -0.696626 0.000026 
2 15.399000 0.000000 -13.167000 19.987397 -0.000017 -0.699019 0.000038 
3 15.399000 0.000000 15.148467 19.987949 0.000003 -0.700856 -0.000023 
4 -13.540000 0.000000 15.148467 19.988185 -0.000000 -0.699211 -0.000041 
5 0.929500 0.000000 0.990734 19.823076 -0.000033 -2.249430 0.004964 
6 -13.540000 0.000000 0.990734 19.988071 -0.000001 -0.697534 -0.000024 
7 0.929500 0.000000 -13.167000 19.986912 -0.000008 -0.695507 0.000099 
8 15.399000 0.000000 0.990734 19.987868 0.011503 -0.691393 0.000017 
9 0.929500 0.000000 15.148467 19.988584 0.000001 -0.702361 -0.000092 
10 -6.305250 0.000000 -6.088133 19.986836 -0.000007 -0.694964 0.000109 
11 -13.540000 0.000000 -6.088133 19.987679 -0.000002 -0.697004 0.000017 
12 -6.305250 0.000000 -13.167000 19.987268 -0.000003 -0.695570 0.000063 
13 0.929500 0.000000 -6.088133 19.983896 -0.000046 -0.695389 0.000401 
14 -6.305250 0.000000 0.990734 19.988976 -0.000005 -0.696077 -0.000109 
15 8.164250 0.000000 -6.088133 19.986133 -0.000108 -0.704448 0.000146 
16 8.164250 0.000000 -13.167000 19.987096 -0.000014 -0.697495 0.000074 
17 15.399000 0.000000 -6.088133 19.987089 -0.000129 -0.706530 0.000043 
18 8.164250 0.000000 0.990734 19.992367 0.025787 -0.550165 0.000005 
19 -6.305250 0.000000 8.069600 19.989403 -0.000000 -0.700552 -0.000168 
20 -13.540000 0.000000 8.069600 19.988302 -0.000001 -0.698357 -0.000050 
21 0.929500 0.000000 8.069600 19.990917 0.000017 -0.708384 -0.000346 
22 -6.305250 0.000000 15.148467 19.988474 -0.000000 -0.700799 -0.000076 
23 -2.687875 0.000000 -2.548700 19.983371 -0.000031 -0.690704 0.000470 
24 -6.305250 0.000000 -2.548700 19.987207 -0.000007 -0.695266 0.000070 
25 -2.687875 0.000000 -6.088133 19.985333 -0.000017 -0.693343 0.000264 
26 0.929500 0.000000 -2.548700 19.971598 -0.000248 -0.703677 0.001600 
27 -2.687875 0.000000 0.990734 19.993652 -0.000013 -0.689901 -0.000555 
28 8.164250 0.000000 8.069600 19.988378 0.000038 -0.706681 -0.000087 
29 15.399000 0.000000 8.069600 19.987736 0.000035 -0.704758 -0.000016 
30 8.164250 0.000000 15.148467 19.988236 0.000002 -0.701875 -0.000056 
31 4.546875 0.000000 -2.548700 19.981589 -0.000648 -0.726367 0.000521 
32 4.546875 0.000000 -6.088133 19.984852 -0.000085 -0.701108 0.000285 
33 8.164250 0.000000 -2.548700 19.985111 -0.000786 -0.730519 0.000154 
34 4.546875 0.000000 0.990734 19.993662 0.032796 -0.477961 0.000060 
35 -2.687875 0.000000 4.530167 19.994497 0.000008 -0.703757 -0.000688 
36 -6.305250 0.000000 4.530167 19.989917 -0.000001 -0.698407 -0.000211 
37 0.929500 0.000000 4.530167 19.998963 0.000125 -0.724495 -0.001209 
38 -2.687875 0.000000 8.069600 19.990588 0.000004 -0.704289 -0.000299 
39 -0.879187 0.000000 -0.778983 19.964979 -0.000147 -0.676647 0.002354 
40 -2.687875 0.000000 -0.778983 19.985252 -0.000032 -0.689035 0.000287 
41 -0.879187 0.000000 -2.548700 19.976685 -0.000091 -0.690002 0.001140 
42 0.929500 0.000000 -0.778983 19.924160 -0.000807 -0.744062 0.006186 
43 -0.879187 0.000000 0.990734 20.018322 -0.000015 -0.656617 -0.002911 
44 4.546875 0.000000 4.530167 19.989882 0.000290 -0.724386 -0.000300 
45 8.164250 0.000000 4.530167 19.987610 0.000293 -0.720478 -0.000059 
46 4.546875 0.000000 8.069600 19.989498 0.000032 -0.708349 -0.000204 
47 2.738188 0.000000 -0.778983 19.967299 -0.002427 -0.788235 0.001714 
48 2.738188 0.000000 -2.548700 19.976551 -0.000487 -0.719990 0.001048 
49 4.546875 0.000000 -0.778983 19.979325 -0.003294 -0.790685 0.000503 
50 2.738188 0.000000 0.990734 19.991729 0.026527 -0.462365 0.000291 
51 -0.879187 0.000000 2.760450 20.016448 0.000084 -0.711884 -0.002912 
52 -2.687875 0.000000 2.760450 19.997086 0.000004 -0.697809 -0.000926 
53 0.929500 0.000000 2.760450 20.024033 0.000382 -0.763079 -0.003860 
54 -0.879187 0.000000 4.530167 19.998747 0.000036 -0.713277 -0.001147 
55 0.025156 0.000000 0.105875 19.884781 -0.000522 -0.640274 0.010464 
56 -0.879187 0.000000 0.105875 19.974965 -0.000129 -0.658529 0.001418 
57 0.025156 0.000000 -0.778983 19.934538 -0.000354 -0.688588 0.005350 
58 0.929500 0.000000 0.105875 19.840507 -0.001879 -0.852047 0.014071 
59 0.025156 0.000000 0.990734 20.068073 0.000085 -0.547503 -0.007568 
60 2.738188 0.000000 2.760450 19.994661 0.001213 -0.765398 -0.000931 
61 4.546875 0.000000 2.760450 19.987637 0.001488 -0.757389 -0.000198 
62 2.738188 0.000000 4.530167 19.993654 0.000233 -0.726674 -0.000686 
63 1.833844 0.000000 0.105875 19.950789 -0.003491 -0.854734 0.003089 
64 1.833844 0.000000 -0.778983 19.949905 -0.001547 -0.779974 0.003482 
65 2.738188 0.000000 0.105875 19.969182 -0.006107 -0.838503 0.001322 
66 1.833844 0.000000 0.990734 19.980364 0.005202 -0.462618 0.001428 
67 0.025156 0.000000 1.875592 20.076056 0.000339 -0.731399 -0.008957 
68 -0.879187 0.000000 1.875592 20.029504 0.000077 -0.692764 -0.004152 
69 0.929500 0.000000 1.875592 20.051388 0.001130 -0.828523 -0.006862 
70 0.025156 0.000000 2.760450 20.029016 0.000214 -0.735781 -0.004257 
71 0.477328 0.000000 0.548304 19.544250 -0.001680 -0.634661 0.044049 
72 0.025156 0.000000 0.548304 19.901741 -0.000445 -0.555000 0.009032 
73 0.477328 0.000000 0.105875 19.804059 -0.001118 -0.726061 0.018180 
74 0.929500 0.000000 0.548304 19.776394 -0.003411 -1.074679 0.019348 
75 0.477328 0.000000 0.990734 19.948958 -0.000241 0.044616 0.005093 
76 1.833844 0.000000 1.875592 19.997347 0.002162 -0.800052 -0.001335 
77 2.738188 0.000000 1.875592 19.990356 0.003598 -0.786498 -0.000582 
78 1.833844 0.000000 2.760450 20.006028 0.000830 -0.770045 -0.002085 
79 1.381672 0.000000 0.548304 20.004159 -0.004087 -0.843312 -0.002194 
80 1.381672 0.000000 0.105875 19.923780 -0.002587 -0.867936 0.005724 
81 1.833844 0.000000 0.548304 19.973569 -0.004945 -0.779584 0.001122 
82 1.381672 0.000000 0.990734 19.685449 0.004755 -0.397622 0.030812 
1 1 12 10 11 
2 12 7 13 10 
3 11 10 14 6 
4 7 16 15 13 
5 16 2 17 15 
6 15 17 8 18 
7 6 14 19 20 
8 19 21 9 22 
9 20 19 22 4 
10 10 25 23 24 
11 25 13 26 23 
12 24 23 27 14 
13 18 8 29 28 
14 28 29 3 30 
15 21 28 30 9 
16 13 32 31 26 
17 32 15 33 31 
18 31 33 18 34 
19 14 27 35 36 
20 35 37 21 38 
21 36 35 38 19 
22 23 41 39 40 
23 41 26 42 39 
24 40 39 43 27 
25 34 18 45 44 
26 44 45 28 46 
27 37 44 46 21 
28 26 48 47 42 
29 48 31 49 47 
30 47 49 34 50 
31 27 43 51 52 
32 51 53 37 54 
33 52 51 54 35 
34 39 57 55 56 
35 57 42 58 55 
36 56 55 59 43 
37 50 34 61 60 
38 60 61 44 62 
39 53 60 62 37 
40 42 64 63 58 
41 64 47 65 63 
42 63 65 50 66 
43 43 59 67 68 
44 59 5 69 67 
45 67 69 53 70 
46 68 67 70 51 
47 55 73 71 72 
48 73 58 74 71 
49 71 74 5 75 
50 72 71 75 59 
51 5 66 76 69 
52 66 50 77 76 
53 76 77 60 78 
54 69 76 78 53 
55 58 80 79 74 
56 80 63 81 79 
57 79 81 66 82 
58 74 79 82 5 
