2 0.000000 20.000000 82.066944
82 58 
1 -13.540000 0.000000 -13.167000 19.987603 0.000007 -0.696626 0.000026 
2 15.399000 0.000000 -13.167000 19.987398 0.000053 -0.699018 0.000038 
3 15.399000 0.000000 15.148467 19.987949 0.000044 -0.700858 -0.000023 
4 -13.540000 0.000000 15.148467 19.988185 0.000007 -0.699211 -0.000041 
5 0.929500 0.000000 0.990734 19.823212 0.002768 -2.249445 0.004951 
6 -13.540000 0.000000 0.990734 19.988071 0.000011 -0.697534 -0.000024 
7 0.929500 0.000000 -13.167000 19.986913 0.000027 -0.695506 0.000099 
8 15.399000 0.000000 0.990734 19.987802 0.000374 -0.693294 0.000018 
9 0.929500 0.000000 15.148467 19.988585 0.000025 -0.702361 -0.000092 
10 -6.305250 0.000000 -6.088133 19.986836 0.000026 -0.694964 0.000109 
11 -13.540000 0.000000 -6.088133 19.987679 0.000010 -0.697004 0.000017 
12 -6.305250 0.000000 -13.167000 19.987268 0.000014 -0.695570 0.000063 
13 0.929500 0.000000 -6.088133 19.983898 0.000094 -0.695387 0.000401 
14 -6.305250 0.000000 0.990734 19.988977 0.000038 -0.696077 -0.000109 
15 8.164250 0.000000 -6.088133 19.986134 0.000195 -0.704440 0.000146 
16 8.164250 0.000000 -13.167000 19.987096 0.000043 -0.697494 0.000074 
17 15.399000 0.000000 -6.088133 19.987090 0.000237 -0.706520 0.000043 
18 8.164250 0.000000 0.990734 19.992266 -0.009743 -0.553166 0.000008 
19 -6.305250 0.000000 8.069600 19.989404 0.000025 -0.700552 -0.000168 
20 -13.540000 0.000000 8.069600 19.988303 0.000010 -0.698357 -0.000050 
21 0.929500 0.000000 8.069600 19.990920 0.000085 -0.708389 -0.000347 
22 -6.305250 0.000000 15.148467 19.988475 0.000013 -0.700800 -0.000076 
23 -2.687875 0.000000 -2.548700 19.983373 0.000082 -0.690702 0.000469 
24 -6.305250 0.000000 -2.548700 19.987208 0.000034 -0.695266 0.000070 
25 -2.687875 0.000000 -6.088133 19.985333 0.000049 -0.693342 0.000264 
26 0.929500 0.000000 -2.548700 19.971610 0.000269 -0.703669 0.001599 
27 -2.687875 0.000000 0.990734 19.993659 0.000106 -0.689898 -0.000556 
28 8.164250 0.000000 8.069600 19.988379 0.000158 -0.706690 -0.000087 
29 15.399000 0.000000 8.069600 19.987736 0.000172 -0.704766 -0.000016 
30 8.164250 0.000000 15.148467 19.988237 0.000037 -0.701876 -0.000056 
31 4.546875 0.000000 -2.548700 19.981602 0.000550 -0.726317 0.000520 
32 4.546875 0.000000 -6.088133 19.984854 0.000152 -0.701103 0.000285 
33 8.164250 0.000000 -2.548700 19.985115 0.000697 -0.730456 0.000154 
34 4.546875 0.000000 0.990734 19.993490 -0.021446 -0.483003 0.000066 
35 -2.687875 0.000000 4.530167 19.994503 0.000078 -0.703759 -0.000689 
36 -6.305250 0.000000 4.530167 19.989919 0.000033 -0.698407 -0.000212 
37 0.929500 0.000000 4.530167 19.998980 0.000229 -0.724518 -0.001210 
38 -2.687875 0.000000 8.069600 19.990589 0.000046 -0.704290 -0.000299 
39 -0.879187 0.000000 -0.778983 19.964985 0.000238 -0.676640 0.002354 
40 -2.687875 0.000000 -0.778983 19.985256 0.000099 -0.689032 0.000287 
41 -0.879187 0.000000 -2.548700 19.976689 0.000143 -0.689999 0.001140 
42 0.929500 0.000000 -0.778983 19.924190 0.000393 -0.744060 0.006183 
43 -0.879187 0.000000 0.990734 20.018352 0.000277 -0.656599 -0.002914 
44 4.546875 0.000000 4.530167 19.989888 0.000468 -0.724440 -0.000301 
45 8.164250 0.000000 4.530167 19.987610 0.000546 -0.720533 -0.000059 
46 4.546875 0.000000 8.069600 19.989499 0.000130 -0.708356 -0.000205 
47 2.738188 0.000000 -0.778983 19.967399 0.000504 -0.788071 0.001705 
48 2.738188 0.000000 -2.548700 19.976570 0.000400 -0.719961 0.001046 
49 4.546875 0.000000 -0.778983 19.979375 0.000726 -0.790402 0.000500 
50 2.738188 0.000000 0.990734 19.992842 -0.021911 -0.466972 0.000169 
51 -0.879187 0.000000 2.760450 20.016477 0.000221 -0.711891 -0.002915 
52 -2.687875 0.000000 2.760450 19.997094 0.000096 -0.697810 -0.000927 
53 0.929500 0.000000 2.760450 20.024106 0.000388 -0.763160 -0.003868 
54 -0.879187 0.000000 4.530167 19.998758 0.000132 -0.713285 -0.001148 
55 0.025156 0.000000 0.105875 19.884771 0.000339 -0.640258 0.010465 
56 -0.879187 0.000000 0.105875 19.974976 0.000270 -0.658514 0.001417 
57 0.025156 0.000000 -0.778983 19.934544 0.000289 -0.688584 0.005350 
58 0.929500 0.000000 0.105875 19.840530 0.000470 -0.852119 0.014068 
59 0.025156 0.000000 0.990734 20.068159 0.000350 -0.547439 -0.007577 
60 2.738188 0.000000 2.760450 19.994726 0.000738 -0.765616 -0.000938 
61 4.546875 0.000000 2.760450 19.987652 0.001024 -0.757659 -0.000201 
62 2.738188 0.000000 4.530167 19.993668 0.000360 -0.726717 -0.000687 
63 1.833844 0.000000 0.105875 19.951060 -0.000007 -0.854698 0.003062 
64 1.833844 0.000000 -0.778983 19.949988 0.000448 -0.779921 0.003474 
65 2.738188 0.000000 0.105875 19.969572 -0.000615 -0.837834 0.001286 
66 1.833844 0.000000 0.990734 19.980949 -0.003698 -0.463603 0.001367 
67 0.025156 0.000000 1.875592 20.076143 0.000306 -0.731418 -0.008966 
68 -0.879187 0.000000 1.875592 20.029542 0.000256 -0.692762 -0.004156 
69 0.929500 0.000000 1.875592 20.051569 0.000387 -0.828659 -0.006880 
70 0.025156 0.000000 2.760450 20.029070 0.000317 -0.735809 -0.004263 
71 0.477328 0.000000 0.548304 19.544092 0.000478 -0.634666 0.044064 
72 0.025156 0.000000 0.548304 19.901734 0.000352 -0.554955 0.009033 
73 0.477328 0.000000 0.105875 19.804035 0.000416 -0.726082 0.018182 
74 0.929500 0.000000 0.548304 19.776368 0.000679 -1.074876 0.019350 
75 0.477328 0.000000 0.990734 19.949069 0.000142 0.044616 0.005082 
76 1.833844 0.000000 1.875592 19.997575 0.000337 -0.800405 -0.001359 
77 2.738188 0.000000 1.875592 19.990567 0.000587 -0.787159 -0.000606 
78 1.833844 0.000000 2.760450 20.006109 0.000540 -0.770188 -0.002094 
79 1.381672 0.000000 0.548304 20.004304 0.000851 -0.843627 -0.002210 
80 1.381672 0.000000 0.105875 19.923909 0.000368 -0.868008 0.005711 
81 1.833844 0.000000 0.548304 19.974157 0.000271 -0.779745 0.001063 
82 1.381672 0.000000 0.990734 19.686094 -0.002896 -0.398587 0.030747 
1 1 12 10 11 
2 12 7 13 10 
3 11 10 14 6 
4 7 16 15 13 
5 16 2 17 15 
6 15 17 8 18 
7 6 14 19 20 
8 19 21 9 22 
9 20 19 22 4 
10 10 25 23 24 
11 25 13 26 23 
12 24 23 27 14 
13 18 8 29 28 
14 28 29 3 30 
15 21 28 30 9 
16 13 32 31 26 
17 32 15 33 31 
18 31 33 18 34 
19 14 27 35 36 
20 35 37 21 38 
21 36 35 38 19 
22 23 41 39 40 
23 41 26 42 39 
24 40 39 43 27 
25 34 18 45 44 
26 44 45 28 46 
27 37 44 46 21 
28 26 48 47 42 
29 48 31 49 47 
30 47 49 34 50 
31 27 43 51 52 
32 51 53 37 54 
33 52 51 54 35 
34 39 57 55 56 
35 57 42 58 55 
36 56 55 59 43 
37 50 34 61 60 
38 60 61 44 62 
39 53 60 62 37 
40 42 64 63 58 
41 64 47 65 63 
42 63 65 50 66 
43 43 59 67 68 
44 59 5 69 67 
45 67 69 53 70 
46 68 67 70 51 
47 55 73 71 72 
48 73 58 74 71 
49 71 74 5 75 
50 72 71 75 59 
51 5 66 76 69 
52 66 50 77 76 
53 76 77 60 78 
54 69 76 78 53 
55 58 80 79 74 
56 80 63 81 79 
57 79 81 66 82 
58 74 79 82 5 
