2 0.000000 20.000000 82.066944
82 58 
1 -13.540000 0.000000 -13.167000 19.996597 -0.000000 -0.347668 0.000038 
2 15.399000 0.000000 -13.167000 19.996422 -0.000003 -0.350784 0.000050 
3 15.399000 0.000000 15.148467 19.997233 -0.000003 -0.352662 -0.000034 
4 -13.540000 0.000000 15.148467 19.997468 -0.000000 -0.350257 -0.000054 
5 0.929500 0.000000 0.990734 19.803509 -0.000303 -2.247196 0.006928 
6 -13.540000 0.000000 0.990734 19.997214 -0.000001 -0.348421 -0.000025 
7 0.929500 0.000000 -13.167000 19.995629 -0.000002 -0.346947 0.000136 
8 15.399000 0.000000 0.990734 19.996545 0.006394 -0.361718 0.000018 
9 0.929500 0.000000 15.148467 19.998143 -0.000001 -0.353796 -0.000127 
10 -6.305250 0.000000 -6.088133 19.995414 -0.000002 -0.345941 0.000159 
11 -13.540000 0.000000 -6.088133 19.996685 -0.000001 -0.347984 0.000029 
12 -6.305250 0.000000 -13.167000 19.996103 -0.000001 -0.346689 0.000089 
13 0.929500 0.000000 -6.088133 19.991449 -0.000006 -0.348053 0.000552 
14 -6.305250 0.000000 0.990734 19.998146 -0.000002 -0.346420 -0.000115 
15 8.164250 0.000000 -6.088133 19.994867 -0.000013 -0.358388 0.000192 
16 8.164250 0.000000 -13.167000 19.995962 -0.000003 -0.349218 0.000099 
17 15.399000 0.000000 -6.088133 19.996213 -0.000015 -0.360244 0.000054 
18 8.164250 0.000000 0.990734 19.996922 0.013847 -0.313442 0.000062 
19 -6.305250 0.000000 8.069600 19.999099 -0.000002 -0.351547 -0.000219 
20 -13.540000 0.000000 8.069600 19.997575 -0.000001 -0.349341 -0.000063 
21 0.929500 0.000000 8.069600 20.001577 -0.000005 -0.360947 -0.000483 
22 -6.305250 0.000000 15.148467 19.997916 -0.000001 -0.351921 -0.000101 
23 -2.687875 0.000000 -2.548700 19.990198 -0.000006 -0.341410 0.000689 
24 -6.305250 0.000000 -2.548700 19.995816 -0.000002 -0.345938 0.000119 
25 -2.687875 0.000000 -6.088133 19.993292 -0.000003 -0.344693 0.000374 
26 0.929500 0.000000 -2.548700 19.974815 -0.000023 -0.361510 0.002190 
27 -2.687875 0.000000 0.990734 20.003033 -0.000008 -0.337874 -0.000589 
28 8.164250 0.000000 8.069600 19.998034 -0.000010 -0.360601 -0.000129 
29 15.399000 0.000000 8.069600 19.997041 -0.000011 -0.358760 -0.000026 
30 8.164250 0.000000 15.148467 19.997665 -0.000002 -0.353603 -0.000079 
31 4.546875 0.000000 -2.548700 19.989252 -0.000052 -0.388776 0.000697 
32 4.546875 0.000000 -6.088133 19.993002 -0.000010 -0.354864 0.000385 
33 8.164250 0.000000 -2.548700 19.994182 -0.000064 -0.392199 0.000197 
34 4.546875 0.000000 0.990734 19.995602 0.016764 -0.305005 0.000207 
35 -2.687875 0.000000 4.530167 20.005871 -0.000005 -0.354587 -0.000901 
36 -6.305250 0.000000 4.530167 19.999606 -0.000002 -0.349114 -0.000265 
37 0.929500 0.000000 4.530167 20.013465 -0.000016 -0.381332 -0.001711 
38 -2.687875 0.000000 8.069600 20.000867 -0.000003 -0.355645 -0.000403 
39 -0.879187 0.000000 -0.778983 19.963648 -0.000019 -0.325851 0.003366 
40 -2.687875 0.000000 -0.778983 19.992148 -0.000007 -0.338291 0.000499 
41 -0.879187 0.000000 -2.548700 19.981026 -0.000011 -0.342468 0.001603 
42 0.929500 0.000000 -0.778983 19.911244 -0.000072 -0.419948 0.008415 
43 -0.879187 0.000000 0.990734 20.029848 -0.000025 -0.292085 -0.003200 
44 4.546875 0.000000 4.530167 20.000798 -0.000034 -0.385582 -0.000451 
45 8.164250 0.000000 4.530167 19.997335 -0.000040 -0.381858 -0.000098 
46 4.546875 0.000000 8.069600 19.999664 -0.000008 -0.361971 -0.000294 
47 2.738188 0.000000 -0.778983 19.970774 -0.000193 -0.477758 0.002350 
48 2.738188 0.000000 -2.548700 19.982221 -0.000039 -0.381707 0.001413 
49 4.546875 0.000000 -0.778983 19.987827 -0.000318 -0.478533 0.000644 
50 2.738188 0.000000 0.990734 19.991211 0.014592 -0.318270 0.000625 
51 -0.879187 0.000000 2.760450 20.035092 -0.000015 -0.362250 -0.003840 
52 -2.687875 0.000000 2.760450 20.008590 -0.000007 -0.347348 -0.001161 
53 0.929500 0.000000 2.760450 20.050892 -0.000032 -0.433532 -0.005566 
54 -0.879187 0.000000 4.530167 20.012232 -0.000009 -0.365726 -0.001558 
55 0.025156 0.000000 0.105875 19.851982 -0.000057 -0.284344 0.014545 
56 -0.879187 0.000000 0.105875 19.973786 -0.000024 -0.300003 0.002395 
57 0.025156 0.000000 -0.778983 19.923339 -0.000037 -0.345696 0.007353 
58 0.929500 0.000000 0.105875 19.795232 -0.000227 -0.569259 0.019562 
59 0.025156 0.000000 0.990734 20.102059 -0.000061 -0.134464 -0.010277 
60 2.738188 0.000000 2.760450 20.009338 -0.000084 -0.446998 -0.001433 
61 4.546875 0.000000 2.760450 19.998443 0.000012 -0.438389 -0.000325 
62 2.738188 0.000000 4.530167 20.006296 -0.000026 -0.386936 -0.001004 
63 1.833844 0.000000 0.105875 19.942586 -0.000558 -0.595041 0.004848 
64 1.833844 0.000000 -0.778983 19.946414 -0.000130 -0.467273 0.004806 
65 2.738188 0.000000 0.105875 19.973227 -0.000925 -0.577027 0.001843 
66 1.833844 0.000000 0.990734 19.987846 0.008769 -0.329490 0.000943 
67 0.025156 0.000000 1.875592 20.118519 -0.000042 -0.383576 -0.012255 
68 -0.879187 0.000000 1.875592 20.049817 -0.000023 -0.337176 -0.005272 
69 0.929500 0.000000 1.875592 20.103412 -0.000073 -0.527187 -0.011063 
70 0.025156 0.000000 2.760450 20.054615 -0.000026 -0.392392 -0.005854 
71 0.477328 0.000000 0.548304 19.390794 -0.000152 -0.295925 0.059774 
72 0.025156 0.000000 0.548304 19.867383 -0.000084 -0.161871 0.013152 
73 0.477328 0.000000 0.105875 19.748404 -0.000101 -0.401790 0.024598 
74 0.929500 0.000000 0.548304 19.703722 -0.000457 -0.855882 0.027577 
75 0.477328 0.000000 0.990734 19.972434 -0.000171 0.045393 0.002750 
76 1.833844 0.000000 1.875592 20.022857 -0.000044 -0.523456 -0.002972 
77 2.738188 0.000000 1.875592 20.003871 -0.000119 -0.506240 -0.001028 
78 1.833844 0.000000 2.760450 20.026453 -0.000060 -0.449709 -0.003153 
79 1.381672 0.000000 0.548304 19.972759 -0.001544 -0.642774 0.001689 
80 1.381672 0.000000 0.105875 19.900883 -0.000400 -0.603072 0.008978 
81 1.833844 0.000000 0.548304 19.968523 -0.002267 -0.575930 0.002316 
82 1.381672 0.000000 0.990734 19.769358 0.007398 -0.304862 0.022699 
1 1 12 10 11 
2 12 7 13 10 
3 11 10 14 6 
4 7 16 15 13 
5 16 2 17 15 
6 15 17 8 18 
7 6 14 19 20 
8 19 21 9 22 
9 20 19 22 4 
10 10 25 23 24 
11 25 13 26 23 
12 24 23 27 14 
13 18 8 29 28 
14 28 29 3 30 
15 21 28 30 9 
16 13 32 31 26 
17 32 15 33 31 
18 31 33 18 34 
19 14 27 35 36 
20 35 37 21 38 
21 36 35 38 19 
22 23 41 39 40 
23 41 26 42 39 
24 40 39 43 27 
25 34 18 45 44 
26 44 45 28 46 
27 37 44 46 21 
28 26 48 47 42 
29 48 31 49 47 
30 47 49 34 50 
31 27 43 51 52 
32 51 53 37 54 
33 52 51 54 35 
34 39 57 55 56 
35 57 42 58 55 
36 56 55 59 43 
37 50 34 61 60 
38 60 61 44 62 
39 53 60 62 37 
40 42 64 63 58 
41 64 47 65 63 
42 63 65 50 66 
43 43 59 67 68 
44 59 5 69 67 
45 67 69 53 70 
46 68 67 70 51 
47 55 73 71 72 
48 73 58 74 71 
49 71 74 5 75 
50 72 71 75 59 
51 5 66 76 69 
52 66 50 77 76 
53 76 77 60 78 
54 69 76 78 53 
55 58 80 79 74 
56 80 63 81 79 
57 79 81 66 82 
58 74 79 82 5 
