2 0.000000 20.000000 82.066944
82 58 
1 -13.540000 0.000000 -13.167000 19.999484 0.000000 0.001404 0.000052 
2 15.399000 0.000000 -13.167000 19.999353 0.000000 -0.002509 0.000065 
3 15.399000 0.000000 15.148467 20.000472 -0.000000 -0.004557 -0.000047 
4 -13.540000 0.000000 15.148467 20.000686 -0.000000 -0.001194 -0.000069 
5 0.929500 0.000000 0.990734 19.781265 -0.000000 -2.244659 0.009158 
6 -13.540000 0.000000 0.990734 20.000276 -0.000000 0.000826 -0.000028 
7 0.929500 0.000000 -13.167000 19.998205 0.000000 0.001682 0.000180 
8 15.399000 0.000000 0.990734 19.999797 -0.000001 -0.110819 -0.000010 
9 0.929500 0.000000 15.148467 20.001692 -0.000000 -0.005201 -0.000169 
10 -6.305250 0.000000 -6.088133 19.997852 0.000000 0.003221 0.000215 
11 -13.540000 0.000000 -6.088133 19.999590 0.000000 0.001163 0.000041 
12 -6.305250 0.000000 -13.167000 19.998811 0.000000 0.002298 0.000119 
13 0.929500 0.000000 -6.088133 19.992735 0.000000 -0.000699 0.000726 
14 -6.305250 0.000000 0.990734 20.001273 0.000000 0.003441 -0.000127 
15 8.164250 0.000000 -6.088133 19.997504 0.000000 -0.012400 0.000249 
16 8.164250 0.000000 -13.167000 19.998708 0.000000 -0.000907 0.000129 
17 15.399000 0.000000 -6.088133 19.999309 0.000000 -0.013848 0.000069 
18 8.164250 0.000000 0.990734 19.999320 -0.000001 -0.112922 0.000036 
19 -6.305250 0.000000 8.069600 20.002802 -0.000000 -0.002427 -0.000280 
20 -13.540000 0.000000 8.069600 20.000784 -0.000000 -0.000204 -0.000078 
21 0.929500 0.000000 8.069600 20.006464 -0.000000 -0.013683 -0.000647 
22 -6.305250 0.000000 15.148467 20.001318 -0.000000 -0.002952 -0.000132 
23 -2.687875 0.000000 -2.548700 19.990806 0.000000 0.008139 0.000919 
24 -6.305250 0.000000 -2.548700 19.998309 0.000000 0.003573 0.000169 
25 -2.687875 0.000000 -6.088133 19.995047 0.000000 0.004080 0.000495 
26 0.929500 0.000000 -2.548700 19.971206 0.000000 -0.019142 0.002876 
27 -2.687875 0.000000 0.990734 20.006543 -0.000000 0.014580 -0.000655 
28 8.164250 0.000000 8.069600 20.001798 -0.000000 -0.015196 -0.000180 
29 15.399000 0.000000 8.069600 20.000378 -0.000000 -0.013646 -0.000038 
30 8.164250 0.000000 15.148467 20.001072 -0.000000 -0.005379 -0.000107 
31 4.546875 0.000000 -2.548700 19.990825 0.000000 -0.051133 0.000911 
32 4.546875 0.000000 -6.088133 19.994953 0.000000 -0.008719 0.000504 
33 8.164250 0.000000 -2.548700 19.997427 0.000000 -0.053086 0.000250 
34 4.546875 0.000000 0.990734 19.998110 -0.000001 -0.120908 0.000152 
35 -2.687875 0.000000 4.530167 20.011509 -0.000000 -0.005282 -0.001151 
36 -6.305250 0.000000 4.530167 20.003310 -0.000000 0.000341 -0.000331 
37 0.929500 0.000000 4.530167 20.023016 -0.000000 -0.038906 -0.002307 
38 -2.687875 0.000000 8.069600 20.005253 -0.000000 -0.006950 -0.000526 
39 -0.879187 0.000000 -0.778983 19.955863 0.000000 0.025886 0.004407 
40 -2.687875 0.000000 -0.778983 19.992932 0.000000 0.012838 0.000706 
41 -0.879187 0.000000 -2.548700 19.978982 0.000000 0.005328 0.002101 
42 0.929500 0.000000 -0.778983 19.891748 0.000000 -0.094954 0.010773 
43 -0.879187 0.000000 0.990734 20.035987 -0.000000 0.072910 -0.003615 
44 4.546875 0.000000 4.530167 20.006475 -0.000000 -0.049416 -0.000654 
45 8.164250 0.000000 4.530167 20.001443 -0.000000 -0.046633 -0.000150 
46 4.546875 0.000000 8.069600 20.004033 -0.000000 -0.016080 -0.000404 
47 2.738188 0.000000 -0.778983 19.968285 0.000000 -0.165007 0.003101 
48 2.738188 0.000000 -2.548700 19.981171 0.000000 -0.043358 0.001877 
49 4.546875 0.000000 -0.778983 19.991025 0.000000 -0.161911 0.000832 
50 2.738188 0.000000 0.990734 19.999298 -0.000001 -0.153179 0.000011 
51 -0.879187 0.000000 2.760450 20.048927 -0.000000 -0.012189 -0.004899 
52 -2.687875 0.000000 2.760450 20.014393 -0.000000 0.003393 -0.001440 
53 0.929500 0.000000 2.760450 20.074628 -0.000000 -0.105444 -0.007505 
54 -0.879187 0.000000 4.530167 20.020320 -0.000000 -0.018242 -0.002034 
55 0.025156 0.000000 0.105875 19.812793 0.000000 0.073066 0.018620 
56 -0.879187 0.000000 0.105875 19.966530 0.000000 0.059883 0.003335 
57 0.025156 0.000000 -0.778983 19.905647 0.000000 -0.002022 0.009413 
58 0.929500 0.000000 0.105875 19.743858 0.000000 -0.285535 0.025246 
59 0.025156 0.000000 0.990734 20.132347 -0.000000 0.281410 -0.013476 
60 2.738188 0.000000 2.760450 20.021353 -0.000000 -0.134618 -0.002182 
61 4.546875 0.000000 2.760450 20.005169 -0.000000 -0.128282 -0.000558 
62 2.738188 0.000000 4.530167 20.014036 -0.000000 -0.049039 -0.001410 
63 1.833844 0.000000 0.105875 19.930026 0.000001 -0.331706 0.006710 
64 1.833844 0.000000 -0.778983 19.936503 0.000000 -0.153184 0.006281 
65 2.738188 0.000000 0.105875 19.973835 0.000001 -0.307579 0.002378 
66 1.833844 0.000000 0.990734 19.998537 -0.000001 -0.203104 0.000043 
67 0.025156 0.000000 1.875592 20.157659 -0.000000 -0.035458 -0.015831 
68 -0.879187 0.000000 1.875592 20.065389 -0.000000 0.019344 -0.006551 
69 0.929500 0.000000 1.875592 20.154714 -0.000000 -0.227753 -0.015661 
70 0.025156 0.000000 2.760450 20.076016 -0.000000 -0.049960 -0.007622 
71 0.477328 0.000000 0.548304 19.228665 0.000000 0.044578 0.075641 
72 0.025156 0.000000 0.548304 19.827066 0.000000 0.233816 0.017082 
73 0.477328 0.000000 0.105875 19.686008 0.000000 -0.076302 0.031138 
74 0.929500 0.000000 0.548304 19.625253 0.000001 -0.637930 0.036106 
75 0.477328 0.000000 0.990734 19.992739 -0.000000 0.046158 0.000721 
76 1.833844 0.000000 1.875592 20.049573 -0.000000 -0.252967 -0.005123 
77 2.738188 0.000000 1.875592 20.017796 -0.000000 -0.237049 -0.001921 
78 1.833844 0.000000 2.760450 20.044500 -0.000000 -0.132977 -0.004499 
79 1.381672 0.000000 0.548304 19.938041 0.000001 -0.442681 0.005696 
80 1.381672 0.000000 0.105875 19.872962 0.000001 -0.336404 0.012381 
81 1.833844 0.000000 0.548304 19.961407 0.000001 -0.369654 0.003514 
82 1.381672 0.000000 0.990734 19.859135 -0.000000 -0.222650 0.013913 
1 1 12 10 11 
2 12 7 13 10 
3 11 10 14 6 
4 7 16 15 13 
5 16 2 17 15 
6 15 17 8 18 
7 6 14 19 20 
8 19 21 9 22 
9 20 19 22 4 
10 10 25 23 24 
11 25 13 26 23 
12 24 23 27 14 
13 18 8 29 28 
14 28 29 3 30 
15 21 28 30 9 
16 13 32 31 26 
17 32 15 33 31 
18 31 33 18 34 
19 14 27 35 36 
20 35 37 21 38 
21 36 35 38 19 
22 23 41 39 40 
23 41 26 42 39 
24 40 39 43 27 
25 34 18 45 44 
26 44 45 28 46 
27 37 44 46 21 
28 26 48 47 42 
29 48 31 49 47 
30 47 49 34 50 
31 27 43 51 52 
32 51 53 37 54 
33 52 51 54 35 
34 39 57 55 56 
35 57 42 58 55 
36 56 55 59 43 
37 50 34 61 60 
38 60 61 44 62 
39 53 60 62 37 
40 42 64 63 58 
41 64 47 65 63 
42 63 65 50 66 
43 43 59 67 68 
44 59 5 69 67 
45 67 69 53 70 
46 68 67 70 51 
47 55 73 71 72 
48 73 58 74 71 
49 71 74 5 75 
50 72 71 75 59 
51 5 66 76 69 
52 66 50 77 76 
53 76 77 60 78 
54 69 76 78 53 
55 58 80 79 74 
56 80 63 81 79 
57 79 81 66 82 
58 74 79 82 5 
