2 0.000000 20.000000 82.066944
82 58 
1 -13.540000 0.000000 -13.167000 19.987601 -0.000000 -0.696626 0.000026 
2 15.399000 0.000000 -13.167000 19.987394 0.000001 -0.699039 0.000039 
3 15.399000 0.000000 15.148467 19.987951 -0.000002 -0.700861 -0.000023 
4 -13.540000 0.000000 15.148467 19.988186 -0.000000 -0.699210 -0.000041 
5 0.929500 0.000000 0.990734 19.822276 -0.000012 -2.249339 0.005045 
6 -13.540000 0.000000 0.990734 19.988070 -0.000000 -0.697531 -0.000024 
7 0.929500 0.000000 -13.167000 19.986905 0.000000 -0.695514 0.000100 
8 15.399000 0.000000 0.990734 19.987901 -0.001097 -0.690401 0.000018 
9 0.929500 0.000000 15.148467 19.988588 -0.000001 -0.702362 -0.000092 
10 -6.305250 0.000000 -6.088133 19.986826 0.000000 -0.694965 0.000110 
11 -13.540000 0.000000 -6.088133 19.987676 -0.000000 -0.697003 0.000017 
12 -6.305250 0.000000 -13.167000 19.987264 -0.000000 -0.695572 0.000064 
13 0.929500 0.000000 -6.088133 19.983860 0.000004 -0.695426 0.000404 
14 -6.305250 0.000000 0.990734 19.988968 -0.000001 -0.696070 -0.000108 
15 8.164250 0.000000 -6.088133 19.986113 0.000009 -0.704553 0.000147 
16 8.164250 0.000000 -13.167000 19.987089 0.000000 -0.697511 0.000074 
17 15.399000 0.000000 -6.088133 19.987081 0.000010 -0.706651 0.000043 
18 8.164250 0.000000 0.990734 19.992424 -0.001028 -0.548004 0.000007 
19 -6.305250 0.000000 8.069600 19.989405 -0.000001 -0.700548 -0.000168 
20 -13.540000 0.000000 8.069600 19.988303 -0.000000 -0.698355 -0.000050 
21 0.929500 0.000000 8.069600 19.990926 -0.000007 -0.708380 -0.000347 
22 -6.305250 0.000000 15.148467 19.988477 -0.000001 -0.700799 -0.000076 
23 -2.687875 0.000000 -2.548700 19.983329 0.000003 -0.690708 0.000474 
24 -6.305250 0.000000 -2.548700 19.987195 -0.000000 -0.695263 0.000072 
25 -2.687875 0.000000 -6.088133 19.985312 0.000001 -0.693351 0.000266 
26 0.929500 0.000000 -2.548700 19.971422 0.000075 -0.703825 0.001617 
27 -2.687875 0.000000 0.990734 19.993612 -0.000004 -0.689876 -0.000551 
28 8.164250 0.000000 8.069600 19.988382 -0.000012 -0.706682 -0.000087 
29 15.399000 0.000000 8.069600 19.987737 -0.000012 -0.704758 -0.000016 
30 8.164250 0.000000 15.148467 19.988239 -0.000002 -0.701879 -0.000056 
31 4.546875 0.000000 -2.548700 19.981458 0.000086 -0.726925 0.000532 
32 4.546875 0.000000 -6.088133 19.984818 0.000008 -0.701190 0.000288 
33 8.164250 0.000000 -2.548700 19.985062 0.000098 -0.731190 0.000157 
34 4.546875 0.000000 0.990734 19.993148 -0.000818 -0.485871 0.000095 
35 -2.687875 0.000000 4.530167 19.994494 -0.000006 -0.703739 -0.000688 
36 -6.305250 0.000000 4.530167 19.989916 -0.000001 -0.698400 -0.000211 
37 0.929500 0.000000 4.530167 19.998964 -0.000049 -0.724439 -0.001208 
38 -2.687875 0.000000 8.069600 19.990592 -0.000003 -0.704284 -0.000299 
39 -0.879187 0.000000 -0.778983 19.964817 0.000046 -0.676657 0.002371 
40 -2.687875 0.000000 -0.778983 19.985202 0.000003 -0.689025 0.000292 
41 -0.879187 0.000000 -2.548700 19.976595 0.000015 -0.690035 0.001149 
42 0.929500 0.000000 -0.778983 19.923597 0.000211 -0.744367 0.006241 
43 -0.879187 0.000000 0.990734 20.018177 -0.000015 -0.656541 -0.002896 
44 4.546875 0.000000 4.530167 19.989890 -0.000069 -0.724304 -0.000301 
45 8.164250 0.000000 4.530167 19.987612 -0.000070 -0.720387 -0.000059 
46 4.546875 0.000000 8.069600 19.989506 -0.000011 -0.708348 -0.000205 
47 2.738188 0.000000 -0.778983 19.966419 0.000469 -0.789960 0.001795 
48 2.738188 0.000000 -2.548700 19.976347 0.000102 -0.720369 0.001067 
49 4.546875 0.000000 -0.778983 19.978989 0.000583 -0.793255 0.000527 
50 2.738188 0.000000 0.990734 19.998274 -0.000748 -0.473265 -0.000387 
51 -0.879187 0.000000 2.760450 20.016403 -0.000063 -0.711819 -0.002908 
52 -2.687875 0.000000 2.760450 19.997067 -0.000006 -0.697783 -0.000924 
53 0.929500 0.000000 2.760450 20.023934 -0.000155 -0.762885 -0.003850 
54 -0.879187 0.000000 4.530167 19.998744 -0.000015 -0.713245 -0.001146 
55 0.025156 0.000000 0.105875 19.884356 0.000150 -0.640168 0.010506 
56 -0.879187 0.000000 0.105875 19.974785 0.000030 -0.658497 0.001436 
57 0.025156 0.000000 -0.778983 19.934234 0.000091 -0.688665 0.005380 
58 0.929500 0.000000 0.105875 19.839505 0.000574 -0.852287 0.014169 
59 0.025156 0.000000 0.990734 20.067781 -0.000055 -0.547321 -0.007538 
60 2.738188 0.000000 2.760450 19.994649 -0.000280 -0.764976 -0.000928 
61 4.546875 0.000000 2.760450 19.987642 -0.000325 -0.756983 -0.000197 
62 2.738188 0.000000 4.530167 19.993664 -0.000061 -0.726599 -0.000686 
63 1.833844 0.000000 0.105875 19.948838 0.000951 -0.855749 0.003279 
64 1.833844 0.000000 -0.778983 19.949035 0.000348 -0.780848 0.003566 
65 2.738188 0.000000 0.105875 19.966779 0.001263 -0.841578 0.001549 
66 1.833844 0.000000 0.990734 19.979378 -0.000667 -0.463170 0.001525 
67 0.025156 0.000000 1.875592 20.075928 -0.000140 -0.731157 -0.008944 
68 -0.879187 0.000000 1.875592 20.029416 -0.000053 -0.692684 -0.004143 
69 0.929500 0.000000 1.875592 20.051113 -0.000398 -0.828233 -0.006833 
70 0.025156 0.000000 2.760450 20.028944 -0.000099 -0.735671 -0.004250 
71 0.477328 0.000000 0.548304 19.543449 0.000387 -0.634593 0.044127 
72 0.025156 0.000000 0.548304 19.901324 0.000109 -0.554898 0.009074 
73 0.477328 0.000000 0.105875 19.803406 0.000336 -0.726128 0.018245 
74 0.929500 0.000000 0.548304 19.775206 0.000773 -1.074732 0.019465 
75 0.477328 0.000000 0.990734 19.948395 -0.000006 0.044617 0.005149 
76 1.833844 0.000000 1.875592 19.996950 -0.000606 -0.799353 -0.001292 
77 2.738188 0.000000 1.875592 19.990550 -0.000740 -0.785854 -0.000599 
78 1.833844 0.000000 2.760450 20.005931 -0.000229 -0.769695 -0.002074 
79 1.381672 0.000000 0.548304 20.002394 0.000911 -0.843746 -0.002019 
80 1.381672 0.000000 0.105875 19.922318 0.000772 -0.868493 0.005867 
81 1.833844 0.000000 0.548304 19.971870 0.001011 -0.779613 0.001292 
82 1.381672 0.000000 0.990734 19.685059 -0.000627 -0.398623 0.030849 
1 1 12 10 11 
2 12 7 13 10 
3 11 10 14 6 
4 7 16 15 13 
5 16 2 17 15 
6 15 17 8 18 
7 6 14 19 20 
8 19 21 9 22 
9 20 19 22 4 
10 10 25 23 24 
11 25 13 26 23 
12 24 23 27 14 
13 18 8 29 28 
14 28 29 3 30 
15 21 28 30 9 
16 13 32 31 26 
17 32 15 33 31 
18 31 33 18 34 
19 14 27 35 36 
20 35 37 21 38 
21 36 35 38 19 
22 23 41 39 40 
23 41 26 42 39 
24 40 39 43 27 
25 34 18 45 44 
26 44 45 28 46 
27 37 44 46 21 
28 26 48 47 42 
29 48 31 49 47 
30 47 49 34 50 
31 27 43 51 52 
32 51 53 37 54 
33 52 51 54 35 
34 39 57 55 56 
35 57 42 58 55 
36 56 55 59 43 
37 50 34 61 60 
38 60 61 44 62 
39 53 60 62 37 
40 42 64 63 58 
41 64 47 65 63 
42 63 65 50 66 
43 43 59 67 68 
44 59 5 69 67 
45 67 69 53 70 
46 68 67 70 51 
47 55 73 71 72 
48 73 58 74 71 
49 71 74 5 75 
50 72 71 75 59 
51 5 66 76 69 
52 66 50 77 76 
53 76 77 60 78 
54 69 76 78 53 
55 58 80 79 74 
56 80 63 81 79 
57 79 81 66 82 
58 74 79 82 5 
