2 0.000000 20.000000 67.172953
82 58 
1 -13.540000 0.000000 -13.167000 19.987602 -0.000000 -0.696621 0.000026 
2 15.399000 0.000000 -13.167000 19.987395 0.000000 -0.699069 0.000038 
3 15.399000 0.000000 15.148467 19.987948 -0.000000 -0.700887 -0.000023 
4 -13.540000 0.000000 15.148467 19.988186 -0.000000 -0.699205 -0.000041 
5 0.929500 0.000000 0.990734 19.822092 -0.000000 -2.249318 0.005063 
6 -13.540000 0.000000 0.990734 19.988070 -0.000000 -0.697549 -0.000024 
7 0.929500 0.000000 -13.167000 19.986865 0.000000 -0.695529 0.000104 
8 15.399000 0.000000 0.990734 19.987847 -0.000000 -0.691913 0.000018 
9 0.929500 0.000000 15.148467 19.988625 -0.000000 -0.702377 -0.000096 
10 -6.305250 0.000000 -6.088133 19.986826 0.000000 -0.694944 0.000110 
11 -13.540000 0.000000 -6.088133 19.987685 -0.000000 -0.697007 0.000017 
12 -6.305250 0.000000 -13.167000 19.987247 0.000000 -0.695561 0.000065 
13 0.929500 0.000000 -6.088133 19.983701 0.000000 -0.695500 0.000420 
14 -6.305250 0.000000 0.990734 19.988968 -0.000000 -0.696142 -0.000109 
15 8.164250 0.000000 -6.088133 19.986118 0.000000 -0.704671 0.000146 
16 8.164250 0.000000 -13.167000 19.987076 0.000000 -0.697546 0.000076 
17 15.399000 0.000000 -6.088133 19.987085 0.000000 -0.706759 0.000042 
18 8.164250 0.000000 0.990734 19.992446 -0.000000 -0.547203 0.000007 
19 -6.305250 0.000000 8.069600 19.989409 -0.000000 -0.700529 -0.000168 
20 -13.540000 0.000000 8.069600 19.988296 -0.000000 -0.698359 -0.000049 
21 0.929500 0.000000 8.069600 19.991067 -0.000000 -0.708450 -0.000362 
22 -6.305250 0.000000 15.148467 19.988494 -0.000000 -0.700790 -0.000077 
23 -2.687875 0.000000 -2.548700 19.983310 0.000000 -0.690619 0.000476 
24 -6.305250 0.000000 -2.548700 19.987229 0.000000 -0.695278 0.000068 
25 -2.687875 0.000000 -6.088133 19.985236 0.000000 -0.693311 0.000274 
26 0.929500 0.000000 -2.548700 19.970911 0.000000 -0.704283 0.001667 
27 -2.687875 0.000000 0.990734 19.993601 -0.000000 -0.690160 -0.000551 
28 8.164250 0.000000 8.069600 19.988373 -0.000000 -0.706783 -0.000086 
29 15.399000 0.000000 8.069600 19.987726 -0.000000 -0.704833 -0.000015 
30 8.164250 0.000000 15.148467 19.988251 -0.000000 -0.701913 -0.000057 
31 4.546875 0.000000 -2.548700 19.981491 0.000000 -0.727379 0.000527 
32 4.546875 0.000000 -6.088133 19.984772 0.000000 -0.701334 0.000293 
33 8.164250 0.000000 -2.548700 19.985077 0.000000 -0.731613 0.000154 
34 4.546875 0.000000 0.990734 19.993238 -0.000000 -0.483402 0.000092 
35 -2.687875 0.000000 4.530167 19.994538 -0.000000 -0.703658 -0.000692 
36 -6.305250 0.000000 4.530167 19.989889 -0.000000 -0.698412 -0.000209 
37 0.929500 0.000000 4.530167 19.999468 -0.000000 -0.724779 -0.001260 
38 -2.687875 0.000000 8.069600 19.990667 -0.000000 -0.704252 -0.000307 
39 -0.879187 0.000000 -0.778983 19.964556 0.000000 -0.676361 0.002398 
40 -2.687875 0.000000 -0.778983 19.985323 0.000000 -0.689085 0.000280 
41 -0.879187 0.000000 -2.548700 19.976221 0.000000 -0.689904 0.001187 
42 0.929500 0.000000 -0.778983 19.921158 0.000000 -0.746394 0.006476 
43 -0.879187 0.000000 0.990734 20.018097 -0.000000 -0.657342 -0.002891 
44 4.546875 0.000000 4.530167 19.989847 -0.000000 -0.724668 -0.000298 
45 8.164250 0.000000 4.530167 19.987571 -0.000000 -0.720666 -0.000056 
46 4.546875 0.000000 8.069600 19.989546 -0.000000 -0.708479 -0.000210 
47 2.738188 0.000000 -0.778983 19.966714 0.000000 -0.791610 0.001759 
48 2.738188 0.000000 -2.548700 19.976347 0.000000 -0.720947 0.001064 
49 4.546875 0.000000 -0.778983 19.979131 0.000000 -0.794689 0.000507 
50 2.738188 0.000000 0.990734 19.998869 -0.000000 -0.469642 -0.000438 
51 -0.879187 0.000000 2.760450 20.016800 -0.000000 -0.711555 -0.002947 
52 -2.687875 0.000000 2.760450 19.996984 -0.000000 -0.697806 -0.000916 
53 0.929500 0.000000 2.760450 20.025665 -0.000000 -0.764345 -0.004029 
54 -0.879187 0.000000 4.530167 19.999091 -0.000000 -0.713161 -0.001181 
55 0.025156 0.000000 0.105875 19.881533 0.000000 -0.638726 0.010792 
56 -0.879187 0.000000 0.105875 19.975115 0.000000 -0.658859 0.001402 
57 0.025156 0.000000 -0.778983 19.932074 0.000000 -0.688377 0.005596 
58 0.929500 0.000000 0.105875 19.834648 0.000000 -0.858598 0.014624 
59 0.025156 0.000000 0.990734 20.067385 -0.000000 -0.549361 -0.007504 
60 2.738188 0.000000 2.760450 19.994433 -0.000000 -0.766117 -0.000911 
61 4.546875 0.000000 2.760450 19.987433 -0.000000 -0.757763 -0.000179 
62 2.738188 0.000000 4.530167 19.993775 -0.000000 -0.727075 -0.000699 
63 1.833844 0.000000 0.105875 19.949720 0.000000 -0.859250 0.003176 
64 1.833844 0.000000 -0.778983 19.948851 0.000000 -0.783090 0.003575 
65 2.738188 0.000000 0.105875 19.967111 0.000001 -0.845243 0.001500 
66 1.833844 0.000000 0.990734 19.979745 -0.000000 -0.458493 0.001499 
67 0.025156 0.000000 1.875592 20.078874 -0.000000 -0.730194 -0.009236 
68 -0.879187 0.000000 1.875592 20.029337 -0.000000 -0.692684 -0.004135 
69 0.929500 0.000000 1.875592 20.054252 -0.000000 -0.832482 -0.007165 
70 0.025156 0.000000 2.760450 20.030737 -0.000000 -0.735247 -0.004428 
71 0.477328 0.000000 0.548304 19.525330 0.000000 -0.631461 0.045907 
72 0.025156 0.000000 0.548304 19.900932 0.000000 -0.555045 0.009112 
73 0.477328 0.000000 0.105875 19.794899 0.000000 -0.726916 0.019084 
74 0.929500 0.000000 0.548304 19.770897 0.000000 -1.085612 0.019833 
75 0.477328 0.000000 0.990734 19.948001 -0.000000 0.044610 0.005188 
76 1.833844 0.000000 1.875592 19.996311 -0.000000 -0.801236 -0.001236 
77 2.738188 0.000000 1.875592 19.990092 -0.000000 -0.787450 -0.000560 
78 1.833844 0.000000 2.760450 20.006170 -0.000000 -0.771280 -0.002104 
79 1.381672 0.000000 0.548304 20.005997 0.000000 -0.845323 -0.002386 
80 1.381672 0.000000 0.105875 19.922995 0.000000 -0.873135 0.005780 
81 1.833844 0.000000 0.548304 19.972284 0.000000 -0.782563 0.001239 
82 1.381672 0.000000 0.990734 19.679969 -0.000000 -0.391063 0.031365 
1 1 12 10 11 
2 12 7 13 10 
3 11 10 14 6 
4 7 16 15 13 
5 16 2 17 15 
6 15 17 8 18 
7 6 14 19 20 
8 19 21 9 22 
9 20 19 22 4 
10 10 25 23 24 
11 25 13 26 23 
12 24 23 27 14 
13 18 8 29 28 
14 28 29 3 30 
15 21 28 30 9 
16 13 32 31 26 
17 32 15 33 31 
18 31 33 18 34 
19 14 27 35 36 
20 35 37 21 38 
21 36 35 38 19 
22 23 41 39 40 
23 41 26 42 39 
24 40 39 43 27 
25 34 18 45 44 
26 44 45 28 46 
27 37 44 46 21 
28 26 48 47 42 
29 48 31 49 47 
30 47 49 34 50 
31 27 43 51 52 
32 51 53 37 54 
33 52 51 54 35 
34 39 57 55 56 
35 57 42 58 55 
36 56 55 59 43 
37 50 34 61 60 
38 60 61 44 62 
39 53 60 62 37 
40 42 64 63 58 
41 64 47 65 63 
42 63 65 50 66 
43 43 59 67 68 
44 59 5 69 67 
45 67 69 53 70 
46 68 67 70 51 
47 55 73 71 72 
48 73 58 74 71 
49 71 74 5 75 
50 72 71 75 59 
51 5 66 76 69 
52 66 50 77 76 
53 76 77 60 78 
54 69 76 78 53 
55 58 80 79 74 
56 80 63 81 79 
57 79 81 66 82 
58 74 79 82 5 
