2 0.000000 20.000000 67.172953
82 58 
1 -13.540000 0.000000 -13.167000 19.996595 0.000000 -0.347660 0.000038 
2 15.399000 0.000000 -13.167000 19.996420 0.000000 -0.350843 0.000050 
3 15.399000 0.000000 15.148467 19.997233 -0.000000 -0.352715 -0.000034 
4 -13.540000 0.000000 15.148467 19.997471 -0.000000 -0.350250 -0.000054 
5 0.929500 0.000000 0.990734 19.803459 -0.000000 -2.247191 0.006933 
6 -13.540000 0.000000 0.990734 19.997214 -0.000000 -0.348442 -0.000025 
7 0.929500 0.000000 -13.167000 19.995566 0.000000 -0.346976 0.000142 
8 15.399000 0.000000 0.990734 19.996526 -0.000001 -0.362742 0.000018 
9 0.929500 0.000000 15.148467 19.998203 -0.000000 -0.353823 -0.000133 
10 -6.305250 0.000000 -6.088133 19.995404 0.000000 -0.345910 0.000160 
11 -13.540000 0.000000 -6.088133 19.996694 -0.000000 -0.347987 0.000028 
12 -6.305250 0.000000 -13.167000 19.996073 0.000000 -0.346676 0.000092 
13 0.929500 0.000000 -6.088133 19.991193 0.000000 -0.348184 0.000577 
14 -6.305250 0.000000 0.990734 19.998144 -0.000000 -0.346507 -0.000115 
15 8.164250 0.000000 -6.088133 19.994862 0.000000 -0.358622 0.000192 
16 8.164250 0.000000 -13.167000 19.995936 0.000000 -0.349283 0.000101 
17 15.399000 0.000000 -6.088133 19.996217 0.000000 -0.360460 0.000053 
18 8.164250 0.000000 0.990734 19.996830 -0.000001 -0.318458 0.000063 
19 -6.305250 0.000000 8.069600 19.999113 -0.000000 -0.351518 -0.000220 
20 -13.540000 0.000000 8.069600 19.997567 -0.000000 -0.349344 -0.000062 
21 0.929500 0.000000 8.069600 20.001805 -0.000000 -0.361066 -0.000506 
22 -6.305250 0.000000 15.148467 19.997945 -0.000000 -0.351910 -0.000104 
23 -2.687875 0.000000 -2.548700 19.990136 0.000000 -0.341277 0.000695 
24 -6.305250 0.000000 -2.548700 19.995852 0.000000 -0.345951 0.000116 
25 -2.687875 0.000000 -6.088133 19.993164 0.000000 -0.344642 0.000387 
26 0.929500 0.000000 -2.548700 19.973826 0.000000 -0.362151 0.002288 
27 -2.687875 0.000000 0.990734 20.003013 -0.000000 -0.338229 -0.000587 
28 8.164250 0.000000 8.069600 19.998035 -0.000000 -0.360802 -0.000129 
29 15.399000 0.000000 8.069600 19.997030 -0.000000 -0.358928 -0.000025 
30 8.164250 0.000000 15.148467 19.997688 -0.000000 -0.353664 -0.000081 
31 4.546875 0.000000 -2.548700 19.989246 0.000000 -0.389656 0.000696 
32 4.546875 0.000000 -6.088133 19.992911 0.000000 -0.355127 0.000393 
33 8.164250 0.000000 -2.548700 19.994198 0.000000 -0.393019 0.000194 
34 4.546875 0.000000 0.990734 19.995389 -0.000000 -0.316415 0.000211 
35 -2.687875 0.000000 4.530167 20.005957 -0.000000 -0.354462 -0.000910 
36 -6.305250 0.000000 4.530167 19.999576 -0.000000 -0.349121 -0.000262 
37 0.929500 0.000000 4.530167 20.014278 -0.000000 -0.381845 -0.001793 
38 -2.687875 0.000000 8.069600 20.000989 -0.000000 -0.355603 -0.000415 
39 -0.879187 0.000000 -0.778983 19.963122 0.000000 -0.325260 0.003420 
40 -2.687875 0.000000 -0.778983 19.992284 0.000000 -0.338343 0.000485 
41 -0.879187 0.000000 -2.548700 19.980436 0.000000 -0.342291 0.001663 
42 0.929500 0.000000 -0.778983 19.907656 0.000000 -0.422622 0.008767 
43 -0.879187 0.000000 0.990734 20.029664 -0.000000 -0.293538 -0.003184 
44 4.546875 0.000000 4.530167 20.000794 -0.000000 -0.386276 -0.000452 
45 8.164250 0.000000 4.530167 19.997295 -0.000000 -0.382444 -0.000095 
46 4.546875 0.000000 8.069600 19.999746 -0.000000 -0.362202 -0.000303 
47 2.738188 0.000000 -0.778983 19.970848 0.000000 -0.480427 0.002336 
48 2.738188 0.000000 -2.548700 19.981931 0.000000 -0.382731 0.001440 
49 4.546875 0.000000 -0.778983 19.987884 0.000000 -0.480992 0.000633 
50 2.738188 0.000000 0.990734 19.992963 -0.000000 -0.327927 0.000435 
51 -0.879187 0.000000 2.760450 20.035759 -0.000000 -0.361722 -0.003906 
52 -2.687875 0.000000 2.760450 20.008493 -0.000000 -0.347350 -0.001151 
53 0.929500 0.000000 2.760450 20.053525 -0.000000 -0.435473 -0.005834 
54 -0.879187 0.000000 4.530167 20.012770 -0.000000 -0.365601 -0.001612 
55 0.025156 0.000000 0.105875 19.848038 0.000000 -0.282241 0.014939 
56 -0.879187 0.000000 0.105875 19.974124 0.000000 -0.300225 0.002361 
57 0.025156 0.000000 -0.778983 19.920299 0.000000 -0.345252 0.007656 
58 0.929500 0.000000 0.105875 19.788357 0.000000 -0.577162 0.020220 
59 0.025156 0.000000 0.990734 20.101469 -0.000000 -0.137236 -0.010220 
60 2.738188 0.000000 2.760450 20.009288 -0.000000 -0.448917 -0.001433 
61 4.546875 0.000000 2.760450 19.998310 -0.000000 -0.439964 -0.000315 
62 2.738188 0.000000 4.530167 20.006556 -0.000000 -0.387745 -0.001032 
63 1.833844 0.000000 0.105875 19.943002 0.000001 -0.599833 0.004792 
64 1.833844 0.000000 -0.778983 19.945662 0.000000 -0.470517 0.004873 
65 2.738188 0.000000 0.105875 19.973682 0.000001 -0.581245 0.001785 
66 1.833844 0.000000 0.990734 19.987950 -0.000000 -0.326790 0.000938 
67 0.025156 0.000000 1.875592 20.122544 -0.000000 -0.382136 -0.012657 
68 -0.879187 0.000000 1.875592 20.049786 -0.000000 -0.336936 -0.005269 
69 0.929500 0.000000 1.875592 20.108326 -0.000000 -0.532543 -0.011571 
70 0.025156 0.000000 2.760450 20.057080 -0.000000 -0.392222 -0.006101 
71 0.477328 0.000000 0.548304 19.365644 0.000000 -0.292653 0.062216 
72 0.025156 0.000000 0.548304 19.866797 0.000000 -0.161858 0.013210 
73 0.477328 0.000000 0.105875 19.736923 0.000000 -0.402790 0.025729 
74 0.929500 0.000000 0.548304 19.698153 0.000000 -0.868796 0.028070 
75 0.477328 0.000000 0.990734 19.971906 -0.000000 0.045383 0.002802 
76 1.833844 0.000000 1.875592 20.022587 -0.000000 -0.526667 -0.002953 
77 2.738188 0.000000 1.875592 20.003496 -0.000000 -0.508899 -0.000997 
78 1.833844 0.000000 2.760450 20.027147 -0.000000 -0.452085 -0.003227 
79 1.381672 0.000000 0.548304 19.975721 0.000001 -0.646080 0.001383 
80 1.381672 0.000000 0.105875 19.900676 0.000001 -0.609251 0.008980 
81 1.833844 0.000000 0.548304 19.968761 0.000001 -0.580101 0.002280 
82 1.381672 0.000000 0.990734 19.764580 -0.000000 -0.299625 0.023179 
1 1 12 10 11 
2 12 7 13 10 
3 11 10 14 6 
4 7 16 15 13 
5 16 2 17 15 
6 15 17 8 18 
7 6 14 19 20 
8 19 21 9 22 
9 20 19 22 4 
10 10 25 23 24 
11 25 13 26 23 
12 24 23 27 14 
13 18 8 29 28 
14 28 29 3 30 
15 21 28 30 9 
16 13 32 31 26 
17 32 15 33 31 
18 31 33 18 34 
19 14 27 35 36 
20 35 37 21 38 
21 36 35 38 19 
22 23 41 39 40 
23 41 26 42 39 
24 40 39 43 27 
25 34 18 45 44 
26 44 45 28 46 
27 37 44 46 21 
28 26 48 47 42 
29 48 31 49 47 
30 47 49 34 50 
31 27 43 51 52 
32 51 53 37 54 
33 52 51 54 35 
34 39 57 55 56 
35 57 42 58 55 
36 56 55 59 43 
37 50 34 61 60 
38 60 61 44 62 
39 53 60 62 37 
40 42 64 63 58 
41 64 47 65 63 
42 63 65 50 66 
43 43 59 67 68 
44 59 5 69 67 
45 67 69 53 70 
46 68 67 70 51 
47 55 73 71 72 
48 73 58 74 71 
49 71 74 5 75 
50 72 71 75 59 
51 5 66 76 69 
52 66 50 77 76 
53 76 77 60 78 
54 69 76 78 53 
55 58 80 79 74 
56 80 63 81 79 
57 79 81 66 82 
58 74 79 82 5 
