2 0.000000 20.000000 82.066944
82 58 
1 -13.540000 0.000000 -13.167000 19.996299 0.000000 0.350471 0.000063 
2 15.399000 0.000000 -13.167000 19.996230 0.000000 0.345917 0.000078 
3 15.399000 0.000000 15.148467 19.997626 -0.000000 0.343598 -0.000058 
4 -13.540000 0.000000 15.148467 19.997798 -0.000000 0.347865 -0.000082 
5 0.929500 0.000000 0.990734 19.753716 -0.000000 -2.241521 0.011916 
6 -13.540000 0.000000 0.990734 19.997250 0.000000 0.350050 -0.000031 
7 0.929500 0.000000 -13.167000 19.994753 0.000000 0.350368 0.000218 
8 15.399000 0.000000 0.990734 20.003301 0.000001 -0.027890 -0.000332 
9 0.929500 0.000000 15.148467 19.999109 -0.000000 0.343429 -0.000206 
10 -6.305250 0.000000 -6.088133 19.994269 0.000000 0.352367 0.000263 
11 -13.540000 0.000000 -6.088133 19.996423 0.000000 0.350295 0.000051 
12 -6.305250 0.000000 -13.167000 19.995469 0.000000 0.351294 0.000145 
13 0.929500 0.000000 -6.088133 19.988172 0.000000 0.346838 0.000882 
14 -6.305250 0.000000 0.990734 19.998317 0.000000 0.353222 -0.000144 
15 8.164250 0.000000 -6.088133 19.994201 0.000000 0.334132 0.000301 
16 8.164250 0.000000 -13.167000 19.995418 0.000000 0.347521 0.000156 
17 15.399000 0.000000 -6.088133 19.996402 0.000000 0.333237 0.000082 
18 8.164250 0.000000 0.990734 20.001574 -0.000001 0.039130 -0.000161 
19 -6.305250 0.000000 8.069600 20.000364 -0.000000 0.346675 -0.000337 
20 -13.540000 0.000000 8.069600 19.997891 -0.000000 0.348919 -0.000093 
21 0.929500 0.000000 8.069600 20.005104 -0.000000 0.333705 -0.000789 
22 -6.305250 0.000000 15.148467 19.998600 -0.000000 0.346020 -0.000159 
23 -2.687875 0.000000 -2.548700 19.985554 0.000000 0.357615 0.001124 
24 -6.305250 0.000000 -2.548700 19.994776 0.000000 0.353029 0.000211 
25 -2.687875 0.000000 -6.088133 19.990858 0.000000 0.352878 0.000603 
26 0.929500 0.000000 -2.548700 19.962452 0.000000 0.323611 0.003490 
27 -2.687875 0.000000 0.990734 20.003974 -0.000000 0.366764 -0.000734 
28 8.164250 0.000000 8.069600 19.999484 -0.000000 0.330424 -0.000221 
29 15.399000 0.000000 8.069600 19.997729 -0.000000 0.331430 -0.000048 
30 8.164250 0.000000 15.148467 19.998369 -0.000000 0.342908 -0.000131 
31 4.546875 0.000000 -2.548700 19.986896 0.000000 0.288104 0.001102 
32 4.546875 0.000000 -6.088133 19.991036 0.000000 0.337836 0.000611 
33 8.164250 0.000000 -2.548700 19.994921 0.000000 0.288112 0.000300 
34 4.546875 0.000000 0.990734 20.000214 -0.000001 0.034609 -0.000024 
35 -2.687875 0.000000 4.530167 20.010883 -0.000000 0.343957 -0.001384 
36 -6.305250 0.000000 4.530167 20.000880 -0.000000 0.349744 -0.000394 
37 0.929500 0.000000 4.530167 20.025932 -0.000000 0.303848 -0.002826 
38 -2.687875 0.000000 8.069600 20.003442 -0.000000 0.341754 -0.000636 
39 -0.879187 0.000000 -0.778983 19.942742 0.000000 0.377176 0.005362 
40 -2.687875 0.000000 -0.778983 19.987825 0.000000 0.363771 0.000886 
41 -0.879187 0.000000 -2.548700 19.971320 0.000000 0.353148 0.002554 
42 0.929500 0.000000 -0.778983 19.867960 0.000000 0.230628 0.013027 
43 -0.879187 0.000000 0.990734 20.036041 -0.000000 0.437317 -0.004086 
44 4.546875 0.000000 4.530167 20.005993 -0.000000 0.287583 -0.000806 
45 8.164250 0.000000 4.530167 19.999793 -0.000000 0.288719 -0.000188 
46 4.546875 0.000000 8.069600 20.002220 -0.000000 0.330053 -0.000494 
47 2.738188 0.000000 -0.778983 19.961662 0.000000 0.150175 0.003774 
48 2.738188 0.000000 -2.548700 19.975021 0.000000 0.295929 0.002277 
49 4.546875 0.000000 -0.778983 19.989410 0.000000 0.158548 0.000996 
50 2.738188 0.000000 0.990734 20.000814 -0.000001 -0.005540 -0.000081 
51 -0.879187 0.000000 2.760450 20.056050 -0.000000 0.337514 -0.005898 
52 -2.687875 0.000000 2.760450 20.013956 -0.000000 0.353961 -0.001709 
53 0.929500 0.000000 2.760450 20.090925 -0.000000 0.223143 -0.009238 
54 -0.879187 0.000000 4.530167 20.021964 -0.000000 0.329257 -0.002469 
55 0.025156 0.000000 0.105875 19.769230 0.000000 0.429684 0.022482 
56 -0.879187 0.000000 0.105875 19.953795 0.000000 0.418902 0.004176 
57 0.025156 0.000000 -0.778983 19.883077 0.000000 0.341570 0.011366 
58 0.929500 0.000000 0.105875 19.689340 0.000001 -0.000688 0.030825 
59 0.025156 0.000000 0.990734 20.155934 -0.000000 0.694690 -0.016861 
60 2.738188 0.000000 2.760450 20.026327 -0.000000 0.179670 -0.002715 
61 4.546875 0.000000 2.760450 20.006210 -0.000000 0.183186 -0.000705 
62 2.738188 0.000000 4.530167 20.015260 -0.000000 0.289630 -0.001736 
63 1.833844 0.000000 0.105875 19.914416 0.000001 -0.066225 0.008529 
64 1.833844 0.000000 -0.778983 19.922614 0.000000 0.162377 0.007658 
65 2.738188 0.000000 0.105875 19.971394 0.000001 -0.034607 0.002856 
66 1.833844 0.000000 0.990734 20.004902 -0.000001 -0.070494 -0.000503 
67 0.025156 0.000000 1.875592 20.189378 -0.000000 0.312181 -0.019271 
68 -0.879187 0.000000 1.875592 20.074315 -0.000000 0.375141 -0.007797 
69 0.929500 0.000000 1.875592 20.197530 -0.000000 0.072383 -0.019864 
70 0.025156 0.000000 2.760450 20.090375 -0.000000 0.292764 -0.009272 
71 0.477328 0.000000 0.548304 19.065629 0.000000 0.384069 0.090886 
72 0.025156 0.000000 0.548304 19.782210 0.000000 0.627482 0.020676 
73 0.477328 0.000000 0.105875 19.620227 0.000000 0.249140 0.037462 
74 0.929500 0.000000 0.548304 19.544609 0.000001 -0.417607 0.044585 
75 0.477328 0.000000 0.990734 20.007045 -0.000000 0.046903 -0.000710 
76 1.833844 0.000000 1.875592 20.067916 -0.000001 0.019256 -0.006804 
77 2.738188 0.000000 1.875592 20.024333 -0.000001 0.034335 -0.002438 
78 1.833844 0.000000 2.760450 20.055007 -0.000000 0.185033 -0.005594 
79 1.381672 0.000000 0.548304 19.900637 0.000001 -0.238531 0.009769 
80 1.381672 0.000000 0.105875 19.841808 0.000001 -0.067945 0.015745 
81 1.833844 0.000000 0.548304 19.951652 0.000001 -0.159291 0.004766 
82 1.381672 0.000000 0.990734 19.938461 -0.000001 -0.129861 0.006102 
1 1 12 10 11 
2 12 7 13 10 
3 11 10 14 6 
4 7 16 15 13 
5 16 2 17 15 
6 15 17 8 18 
7 6 14 19 20 
8 19 21 9 22 
9 20 19 22 4 
10 10 25 23 24 
11 25 13 26 23 
12 24 23 27 14 
13 18 8 29 28 
14 28 29 3 30 
15 21 28 30 9 
16 13 32 31 26 
17 32 15 33 31 
18 31 33 18 34 
19 14 27 35 36 
20 35 37 21 38 
21 36 35 38 19 
22 23 41 39 40 
23 41 26 42 39 
24 40 39 43 27 
25 34 18 45 44 
26 44 45 28 46 
27 37 44 46 21 
28 26 48 47 42 
29 48 31 49 47 
30 47 49 34 50 
31 27 43 51 52 
32 51 53 37 54 
33 52 51 54 35 
34 39 57 55 56 
35 57 42 58 55 
36 56 55 59 43 
37 50 34 61 60 
38 60 61 44 62 
39 53 60 62 37 
40 42 64 63 58 
41 64 47 65 63 
42 63 65 50 66 
43 43 59 67 68 
44 59 5 69 67 
45 67 69 53 70 
46 68 67 70 51 
47 55 73 71 72 
48 73 58 74 71 
49 71 74 5 75 
50 72 71 75 59 
51 5 66 76 69 
52 66 50 77 76 
53 76 77 60 78 
54 69 76 78 53 
55 58 80 79 74 
56 80 63 81 79 
57 79 81 66 82 
58 74 79 82 5 
