2 0.000000 20.000000 82.066944
82 58 
1 -13.540000 0.000000 -13.167000 19.996597 0.000000 -0.347668 0.000038 
2 15.399000 0.000000 -13.167000 19.996422 0.000000 -0.350783 0.000050 
3 15.399000 0.000000 15.148467 19.997233 -0.000000 -0.352661 -0.000034 
4 -13.540000 0.000000 15.148467 19.997468 -0.000000 -0.350257 -0.000054 
5 0.929500 0.000000 0.990734 19.803519 -0.000000 -2.247197 0.006927 
6 -13.540000 0.000000 0.990734 19.997214 -0.000000 -0.348421 -0.000025 
7 0.929500 0.000000 -13.167000 19.995630 0.000000 -0.346947 0.000136 
8 15.399000 0.000000 0.990734 19.996531 -0.000001 -0.362510 0.000018 
9 0.929500 0.000000 15.148467 19.998143 -0.000000 -0.353795 -0.000127 
10 -6.305250 0.000000 -6.088133 19.995415 0.000000 -0.345941 0.000159 
11 -13.540000 0.000000 -6.088133 19.996685 -0.000000 -0.347984 0.000029 
12 -6.305250 0.000000 -13.167000 19.996103 0.000000 -0.346689 0.000089 
13 0.929500 0.000000 -6.088133 19.991451 0.000000 -0.348051 0.000552 
14 -6.305250 0.000000 0.990734 19.998146 -0.000000 -0.346420 -0.000115 
15 8.164250 0.000000 -6.088133 19.994868 0.000000 -0.358382 0.000192 
16 8.164250 0.000000 -13.167000 19.995962 0.000000 -0.349217 0.000099 
17 15.399000 0.000000 -6.088133 19.996213 0.000000 -0.360238 0.000054 
18 8.164250 0.000000 0.990734 19.996814 -0.000001 -0.319583 0.000063 
19 -6.305250 0.000000 8.069600 19.999099 -0.000000 -0.351548 -0.000219 
20 -13.540000 0.000000 8.069600 19.997575 -0.000000 -0.349342 -0.000063 
21 0.929500 0.000000 8.069600 20.001575 -0.000000 -0.360946 -0.000483 
22 -6.305250 0.000000 15.148467 19.997916 -0.000000 -0.351921 -0.000101 
23 -2.687875 0.000000 -2.548700 19.990200 0.000000 -0.341410 0.000688 
24 -6.305250 0.000000 -2.548700 19.995817 0.000000 -0.345938 0.000119 
25 -2.687875 0.000000 -6.088133 19.993293 0.000000 -0.344693 0.000374 
26 0.929500 0.000000 -2.548700 19.974825 0.000000 -0.361507 0.002189 
27 -2.687875 0.000000 0.990734 20.003033 -0.000000 -0.337876 -0.000589 
28 8.164250 0.000000 8.069600 19.998034 -0.000000 -0.360598 -0.000128 
29 15.399000 0.000000 8.069600 19.997041 -0.000000 -0.358757 -0.000026 
30 8.164250 0.000000 15.148467 19.997664 -0.000000 -0.353603 -0.000079 
31 4.546875 0.000000 -2.548700 19.989258 0.000000 -0.388751 0.000696 
32 4.546875 0.000000 -6.088133 19.993004 0.000000 -0.354860 0.000385 
33 8.164250 0.000000 -2.548700 19.994184 0.000000 -0.392173 0.000197 
34 4.546875 0.000000 0.990734 19.995379 -0.000000 -0.317986 0.000209 
35 -2.687875 0.000000 4.530167 20.005869 -0.000000 -0.354588 -0.000901 
36 -6.305250 0.000000 4.530167 19.999606 -0.000000 -0.349114 -0.000265 
37 0.929500 0.000000 4.530167 20.013460 -0.000000 -0.381330 -0.001710 
38 -2.687875 0.000000 8.069600 20.000866 -0.000000 -0.355645 -0.000403 
39 -0.879187 0.000000 -0.778983 19.963652 0.000000 -0.325854 0.003366 
40 -2.687875 0.000000 -0.778983 19.992150 0.000000 -0.338292 0.000499 
41 -0.879187 0.000000 -2.548700 19.981030 0.000000 -0.342469 0.001603 
42 0.929500 0.000000 -0.778983 19.911258 0.000000 -0.419953 0.008414 
43 -0.879187 0.000000 0.990734 20.029849 -0.000000 -0.292089 -0.003200 
44 4.546875 0.000000 4.530167 20.000794 -0.000000 -0.385571 -0.000451 
45 8.164250 0.000000 4.530167 19.997334 -0.000000 -0.381847 -0.000098 
46 4.546875 0.000000 8.069600 19.999662 -0.000000 -0.361969 -0.000294 
47 2.738188 0.000000 -0.778983 19.970832 0.000000 -0.477689 0.002344 
48 2.738188 0.000000 -2.548700 19.982232 0.000000 -0.381691 0.001412 
49 4.546875 0.000000 -0.778983 19.987837 0.000000 -0.478391 0.000644 
50 2.738188 0.000000 0.990734 19.993031 -0.000000 -0.330140 0.000424 
51 -0.879187 0.000000 2.760450 20.035089 -0.000000 -0.362253 -0.003840 
52 -2.687875 0.000000 2.760450 20.008589 -0.000000 -0.347350 -0.001161 
53 0.929500 0.000000 2.760450 20.050886 -0.000000 -0.433538 -0.005565 
54 -0.879187 0.000000 4.530167 20.012229 -0.000000 -0.365726 -0.001558 
55 0.025156 0.000000 0.105875 19.851990 0.000000 -0.284316 0.014544 
56 -0.879187 0.000000 0.105875 19.973788 0.000000 -0.300007 0.002394 
57 0.025156 0.000000 -0.778983 19.923348 0.000000 -0.345700 0.007352 
58 0.929500 0.000000 0.105875 19.795243 0.000000 -0.569280 0.019561 
59 0.025156 0.000000 0.990734 20.102064 -0.000000 -0.134463 -0.010278 
60 2.738188 0.000000 2.760450 20.009316 -0.000000 -0.446986 -0.001431 
61 4.546875 0.000000 2.760450 19.998430 -0.000000 -0.438326 -0.000323 
62 2.738188 0.000000 4.530167 20.006290 -0.000000 -0.386929 -0.001003 
63 1.833844 0.000000 0.105875 19.942680 0.000001 -0.595055 0.004839 
64 1.833844 0.000000 -0.778983 19.946453 0.000000 -0.467262 0.004802 
65 2.738188 0.000000 0.105875 19.973561 0.000001 -0.576552 0.001811 
66 1.833844 0.000000 0.990734 19.987885 -0.000000 -0.329628 0.000940 
67 0.025156 0.000000 1.875592 20.118521 -0.000000 -0.383549 -0.012255 
68 -0.879187 0.000000 1.875592 20.049816 -0.000000 -0.337180 -0.005272 
69 0.929500 0.000000 1.875592 20.103411 -0.000000 -0.527205 -0.011063 
70 0.025156 0.000000 2.760450 20.054609 -0.000000 -0.392396 -0.005853 
71 0.477328 0.000000 0.548304 19.390778 0.000000 -0.295937 0.059775 
72 0.025156 0.000000 0.548304 19.867380 0.000000 -0.161851 0.013152 
73 0.477328 0.000000 0.105875 19.748406 0.000000 -0.401802 0.024598 
74 0.929500 0.000000 0.548304 19.703721 0.000000 -0.855918 0.027577 
75 0.477328 0.000000 0.990734 19.972440 -0.000000 0.045393 0.002749 
76 1.833844 0.000000 1.875592 20.022830 -0.000000 -0.523483 -0.002969 
77 2.738188 0.000000 1.875592 20.003817 -0.000000 -0.506225 -0.001022 
78 1.833844 0.000000 2.760450 20.026437 -0.000000 -0.449711 -0.003151 
79 1.381672 0.000000 0.548304 19.972783 0.000001 -0.642833 0.001687 
80 1.381672 0.000000 0.105875 19.900918 0.000001 -0.603099 0.008974 
81 1.833844 0.000000 0.548304 19.968636 0.000001 -0.576012 0.002304 
82 1.381672 0.000000 0.990734 19.769398 -0.000000 -0.304964 0.022695 
1 1 12 10 11 
2 12 7 13 10 
3 11 10 14 6 
4 7 16 15 13 
5 16 2 17 15 
6 15 17 8 18 
7 6 14 19 20 
8 19 21 9 22 
9 20 19 22 4 
10 10 25 23 24 
11 25 13 26 23 
12 24 23 27 14 
13 18 8 29 28 
14 28 29 3 30 
15 21 28 30 9 
16 13 32 31 26 
17 32 15 33 31 
18 31 33 18 34 
19 14 27 35 36 
20 35 37 21 38 
21 36 35 38 19 
22 23 41 39 40 
23 41 26 42 39 
24 40 39 43 27 
25 34 18 45 44 
26 44 45 28 46 
27 37 44 46 21 
28 26 48 47 42 
29 48 31 49 47 
30 47 49 34 50 
31 27 43 51 52 
32 51 53 37 54 
33 52 51 54 35 
34 39 57 55 56 
35 57 42 58 55 
36 56 55 59 43 
37 50 34 61 60 
38 60 61 44 62 
39 53 60 62 37 
40 42 64 63 58 
41 64 47 65 63 
42 63 65 50 66 
43 43 59 67 68 
44 59 5 69 67 
45 67 69 53 70 
46 68 67 70 51 
47 55 73 71 72 
48 73 58 74 71 
49 71 74 5 75 
50 72 71 75 59 
51 5 66 76 69 
52 66 50 77 76 
53 76 77 60 78 
54 69 76 78 53 
55 58 80 79 74 
56 80 63 81 79 
57 79 81 66 82 
58 74 79 82 5 
