2 0.000000 20.000000 82.066944
82 58 
1 -13.540000 0.000000 -13.167000 19.987044 -0.000000 0.699427 0.000072 
2 15.399000 0.000000 -13.167000 19.987050 -0.000002 0.694386 0.000089 
3 15.399000 0.000000 15.148467 19.988688 -0.000002 0.691741 -0.000065 
4 -13.540000 0.000000 15.148467 19.988801 -0.000000 0.696814 -0.000094 
5 0.929500 0.000000 0.990734 19.719156 -0.000278 -2.237587 0.015370 
6 -13.540000 0.000000 0.990734 19.988132 -0.000000 0.699140 -0.000036 
7 0.929500 0.000000 -13.167000 19.985280 -0.000001 0.699007 0.000250 
8 15.399000 0.000000 0.990734 20.005975 -0.002862 0.170099 -0.000670 
9 0.929500 0.000000 15.148467 19.990378 -0.000001 0.692006 -0.000235 
10 -6.305250 0.000000 -6.088133 19.984671 -0.000001 0.701383 0.000302 
11 -13.540000 0.000000 -6.088133 19.987186 -0.000000 0.699303 0.000058 
12 -6.305250 0.000000 -13.167000 19.986080 -0.000001 0.700193 0.000166 
13 0.929500 0.000000 -6.088133 19.977774 -0.000004 0.694444 0.001016 
14 -6.305250 0.000000 0.990734 19.989263 -0.000002 0.702797 -0.000161 
15 8.164250 0.000000 -6.088133 19.984947 -0.000008 0.681070 0.000345 
16 8.164250 0.000000 -13.167000 19.986096 -0.000002 0.695964 0.000179 
17 15.399000 0.000000 -6.088133 19.987464 -0.000008 0.680807 0.000094 
18 8.164250 0.000000 0.990734 20.005393 -0.010959 0.166154 -0.000609 
19 -6.305250 0.000000 8.069600 19.991763 -0.000001 0.695656 -0.000386 
20 -13.540000 0.000000 8.069600 19.988889 -0.000000 0.697919 -0.000107 
21 0.929500 0.000000 8.069600 19.997423 -0.000004 0.681186 -0.000902 
22 -6.305250 0.000000 15.148467 19.989751 -0.000001 0.694894 -0.000183 
23 -2.687875 0.000000 -2.548700 19.974445 -0.000004 0.706875 0.001305 
24 -6.305250 0.000000 -2.548700 19.985218 -0.000002 0.702310 0.000245 
25 -2.687875 0.000000 -6.088133 19.980736 -0.000002 0.701584 0.000695 
26 0.929500 0.000000 -2.548700 19.948413 -0.000016 0.666570 0.004041 
27 -2.687875 0.000000 0.990734 19.995240 -0.000006 0.718503 -0.000815 
28 8.164250 0.000000 8.069600 19.991052 -0.000007 0.676353 -0.000249 
29 15.399000 0.000000 8.069600 19.989087 -0.000009 0.676574 -0.000053 
30 8.164250 0.000000 15.148467 19.989540 -0.000002 0.691187 -0.000149 
31 4.546875 0.000000 -2.548700 19.977404 -0.000032 0.628473 0.001271 
32 4.546875 0.000000 -6.088133 19.981254 -0.000006 0.684681 0.000702 
33 8.164250 0.000000 -2.548700 19.986584 -0.000034 0.630787 0.000346 
34 4.546875 0.000000 0.990734 20.002310 0.005691 0.185880 -0.000317 
35 -2.687875 0.000000 4.530167 20.003901 -0.000004 0.693033 -0.001591 
36 -6.305250 0.000000 4.530167 19.992291 -0.000001 0.698981 -0.000451 
37 0.929500 0.000000 4.530167 20.021912 -0.000012 0.647114 -0.003239 
38 -2.687875 0.000000 8.069600 19.995387 -0.000002 0.690382 -0.000730 
39 -0.879187 0.000000 -0.778983 19.924202 -0.000014 0.727873 0.006241 
40 -2.687875 0.000000 -0.778983 19.976804 -0.000005 0.714341 0.001043 
41 -0.879187 0.000000 -2.548700 19.958042 -0.000008 0.700836 0.002964 
42 0.929500 0.000000 -0.778983 19.839629 -0.000057 0.556532 0.015198 
43 -0.879187 0.000000 0.990734 20.029614 -0.000020 0.800375 -0.004565 
44 4.546875 0.000000 4.530167 19.999142 -0.000024 0.626132 -0.000894 
45 8.164250 0.000000 4.530167 19.992318 -0.000030 0.625029 -0.000209 
46 4.546875 0.000000 8.069600 19.994158 -0.000006 0.676478 -0.000560 
47 2.738188 0.000000 -0.778983 19.950265 -0.000131 0.465981 0.004425 
48 2.738188 0.000000 -2.548700 19.963594 -0.000026 0.635991 0.002626 
49 4.546875 0.000000 -0.778983 19.982704 -0.000171 0.480301 0.001152 
50 2.738188 0.000000 0.990734 19.996775 0.010153 0.149634 0.000266 
51 -0.879187 0.000000 2.760450 20.056131 -0.000012 0.686861 -0.006800 
52 -2.687875 0.000000 2.760450 20.007165 -0.000005 0.704223 -0.001956 
53 0.929500 0.000000 2.760450 20.098810 -0.000031 0.552874 -0.010670 
54 -0.879187 0.000000 4.530167 20.016976 -0.000007 0.676740 -0.002843 
55 0.025156 0.000000 0.105875 19.721432 -0.000047 0.785080 0.026122 
56 -0.879187 0.000000 0.105875 19.935446 -0.000018 0.776828 0.004936 
57 0.025156 0.000000 -0.778983 19.855632 -0.000029 0.684847 0.013212 
58 0.929500 0.000000 0.105875 19.631272 -0.000202 0.285628 0.036329 
59 0.025156 0.000000 0.990734 20.171746 -0.000050 1.104156 -0.020296 
60 2.738188 0.000000 2.760450 20.023362 -0.000060 0.497940 -0.002957 
61 4.546875 0.000000 2.760450 20.001321 -0.000087 0.498235 -0.000753 
62 2.738188 0.000000 4.530167 20.009654 -0.000018 0.629566 -0.001956 
63 1.833844 0.000000 0.105875 19.893081 -0.000480 0.200148 0.010563 
64 1.833844 0.000000 -0.778983 19.904068 -0.000099 0.478532 0.008998 
65 2.738188 0.000000 0.105875 19.963771 -0.000625 0.236725 0.003480 
66 1.833844 0.000000 0.990734 20.002346 0.008660 0.075188 -0.000249 
67 0.025156 0.000000 1.875592 20.212551 -0.000033 0.659262 -0.022455 
68 -0.879187 0.000000 1.875592 20.076167 -0.000018 0.730123 -0.008964 
69 0.929500 0.000000 1.875592 20.229842 -0.000059 0.374445 -0.023467 
70 0.025156 0.000000 2.760450 20.096932 -0.000020 0.635525 -0.010726 
71 0.477328 0.000000 0.548304 18.903369 -0.000136 0.722304 0.105352 
72 0.025156 0.000000 0.548304 19.732890 -0.000062 1.018158 0.023941 
73 0.477328 0.000000 0.105875 19.551295 -0.000087 0.574465 0.043542 
74 0.929500 0.000000 0.548304 19.461582 -0.000425 -0.193207 0.053024 
75 0.477328 0.000000 0.990734 20.013953 -0.000155 0.047627 -0.001402 
76 1.833844 0.000000 1.875592 20.075610 -0.000007 0.296199 -0.007795 
77 2.738188 0.000000 1.875592 20.022255 -0.000055 0.311544 -0.002469 
78 1.833844 0.000000 2.760450 20.056870 -0.000045 0.505724 -0.006334 
79 1.381672 0.000000 0.548304 19.858393 -0.001468 -0.028354 0.014109 
80 1.381672 0.000000 0.105875 19.805860 -0.000357 0.202346 0.019217 
81 1.833844 0.000000 0.548304 19.934290 -0.002081 0.055974 0.006552 
82 1.381672 0.000000 0.990734 20.002109 0.007403 -0.020107 -0.000212 
1 1 12 10 11 
2 12 7 13 10 
3 11 10 14 6 
4 7 16 15 13 
5 16 2 17 15 
6 15 17 8 18 
7 6 14 19 20 
8 19 21 9 22 
9 20 19 22 4 
10 10 25 23 24 
11 25 13 26 23 
12 24 23 27 14 
13 18 8 29 28 
14 28 29 3 30 
15 21 28 30 9 
16 13 32 31 26 
17 32 15 33 31 
18 31 33 18 34 
19 14 27 35 36 
20 35 37 21 38 
21 36 35 38 19 
22 23 41 39 40 
23 41 26 42 39 
24 40 39 43 27 
25 34 18 45 44 
26 44 45 28 46 
27 37 44 46 21 
28 26 48 47 42 
29 48 31 49 47 
30 47 49 34 50 
31 27 43 51 52 
32 51 53 37 54 
33 52 51 54 35 
34 39 57 55 56 
35 57 42 58 55 
36 56 55 59 43 
37 50 34 61 60 
38 60 61 44 62 
39 53 60 62 37 
40 42 64 63 58 
41 64 47 65 63 
42 63 65 50 66 
43 43 59 67 68 
44 59 5 69 67 
45 67 69 53 70 
46 68 67 70 51 
47 55 73 71 72 
48 73 58 74 71 
49 71 74 5 75 
50 72 71 75 59 
51 5 66 76 69 
52 66 50 77 76 
53 76 77 60 78 
54 69 76 78 53 
55 58 80 79 74 
56 80 63 81 79 
57 79 81 66 82 
58 74 79 82 5 
