2 0.000000 20.000000 67.172953
82 58 
1 -13.540000 0.000000 -13.167000 19.996316 -0.000000 0.350476 0.000061 
2 15.399000 0.000000 -13.167000 19.996252 0.000000 0.345955 0.000076 
3 15.399000 0.000000 15.148467 19.997601 -0.000000 0.343668 -0.000055 
4 -13.540000 0.000000 15.148467 19.997778 -0.000000 0.347872 -0.000080 
5 0.929500 0.000000 0.990734 19.752389 -0.000000 -2.241371 0.012048 
6 -13.540000 0.000000 0.990734 19.997245 -0.000000 0.349988 -0.000031 
7 0.929500 0.000000 -13.167000 19.994722 0.000000 0.350377 0.000221 
8 15.399000 0.000000 0.990734 20.003581 0.000001 -0.044015 -0.000363 
9 0.929500 0.000000 15.148467 19.999130 -0.000000 0.343455 -0.000208 
10 -6.305250 0.000000 -6.088133 19.994324 0.000000 0.352385 0.000257 
11 -13.540000 0.000000 -6.088133 19.996454 -0.000000 0.350270 0.000048 
12 -6.305250 0.000000 -13.167000 19.995467 0.000000 0.351319 0.000145 
13 0.929500 0.000000 -6.088133 19.988023 0.000000 0.346795 0.000897 
14 -6.305250 0.000000 0.990734 19.998287 -0.000000 0.352981 -0.000140 
15 8.164250 0.000000 -6.088133 19.994297 0.000000 0.334214 0.000291 
16 8.164250 0.000000 -13.167000 19.995430 0.000000 0.347531 0.000155 
17 15.399000 0.000000 -6.088133 19.996437 0.000000 0.333359 0.000078 
18 8.164250 0.000000 0.990734 20.001909 -0.000001 0.017494 -0.000192 
19 -6.305250 0.000000 8.069600 20.000294 -0.000000 0.346708 -0.000330 
20 -13.540000 0.000000 8.069600 19.997854 -0.000000 0.348897 -0.000090 
21 0.929500 0.000000 8.069600 20.005177 -0.000000 0.333769 -0.000796 
22 -6.305250 0.000000 15.148467 19.998596 -0.000000 0.346051 -0.000159 
23 -2.687875 0.000000 -2.548700 19.985672 0.000000 0.357684 0.001112 
24 -6.305250 0.000000 -2.548700 19.994884 0.000000 0.352930 0.000200 
25 -2.687875 0.000000 -6.088133 19.990814 0.000000 0.352959 0.000607 
26 0.929500 0.000000 -2.548700 19.961850 0.000000 0.322861 0.003551 
27 -2.687875 0.000000 0.990734 20.003804 -0.000000 0.365851 -0.000715 
28 8.164250 0.000000 8.069600 19.999365 -0.000000 0.330724 -0.000210 
29 15.399000 0.000000 8.069600 19.997683 -0.000000 0.331800 -0.000043 
30 8.164250 0.000000 15.148467 19.998351 -0.000000 0.342945 -0.000129 
31 4.546875 0.000000 -2.548700 19.987288 0.000000 0.287825 0.001064 
32 4.546875 0.000000 -6.088133 19.991096 0.000000 0.337797 0.000605 
33 8.164250 0.000000 -2.548700 19.995064 0.000000 0.287973 0.000286 
34 4.546875 0.000000 0.990734 19.999951 -0.000001 0.018514 0.000004 
35 -2.687875 0.000000 4.530167 20.010689 -0.000000 0.344102 -0.001365 
36 -6.305250 0.000000 4.530167 20.000740 -0.000000 0.349669 -0.000380 
37 0.929500 0.000000 4.530167 20.026205 -0.000000 0.303797 -0.002853 
38 -2.687875 0.000000 8.069600 20.003448 -0.000000 0.341866 -0.000637 
39 -0.879187 0.000000 -0.778983 19.942591 0.000000 0.377378 0.005377 
40 -2.687875 0.000000 -0.778983 19.988164 0.000000 0.363399 0.000853 
41 -0.879187 0.000000 -2.548700 19.970873 0.000000 0.353346 0.002598 
42 0.929500 0.000000 -0.778983 19.863968 0.000000 0.226651 0.013429 
43 -0.879187 0.000000 0.990734 20.035290 -0.000000 0.434195 -0.004003 
44 4.546875 0.000000 4.530167 20.005412 -0.000000 0.288671 -0.000750 
45 8.164250 0.000000 4.530167 19.999580 -0.000000 0.290137 -0.000168 
46 4.546875 0.000000 8.069600 20.002118 -0.000000 0.330199 -0.000484 
47 2.738188 0.000000 -0.778983 19.962966 0.000000 0.146407 0.003646 
48 2.738188 0.000000 -2.548700 19.975462 0.000000 0.295216 0.002234 
49 4.546875 0.000000 -0.778983 19.990049 0.000000 0.155055 0.000935 
50 2.738188 0.000000 0.990734 19.993333 -0.000001 -0.010459 0.000666 
51 -0.879187 0.000000 2.760450 20.055914 -0.000000 0.338000 -0.005885 
52 -2.687875 0.000000 2.760450 20.013465 -0.000000 0.353750 -0.001660 
53 0.929500 0.000000 2.760450 20.092436 -0.000000 0.221560 -0.009388 
54 -0.879187 0.000000 4.530167 20.022156 -0.000000 0.329586 -0.002488 
55 0.025156 0.000000 0.105875 19.764564 0.000000 0.431476 0.022940 
56 -0.879187 0.000000 0.105875 19.954676 0.000000 0.417353 0.004092 
57 0.025156 0.000000 -0.778983 19.879522 0.000000 0.341814 0.011719 
58 0.929500 0.000000 0.105875 19.680894 0.000001 -0.011682 0.031656 
59 0.025156 0.000000 0.990734 20.153048 -0.000000 0.686807 -0.016543 
60 2.738188 0.000000 2.760450 20.023669 -0.000000 0.181416 -0.002451 
61 4.546875 0.000000 2.760450 20.005038 -0.000000 0.186813 -0.000591 
62 2.738188 0.000000 4.530167 20.014710 -0.000000 0.290002 -0.001682 
63 1.833844 0.000000 0.105875 19.915427 0.000001 -0.074849 0.008425 
64 1.833844 0.000000 -0.778983 19.922890 0.000000 0.157694 0.007634 
65 2.738188 0.000000 0.105875 19.972144 0.000001 -0.045762 0.002778 
66 1.833844 0.000000 0.990734 19.998919 -0.000001 -0.063637 0.000098 
67 0.025156 0.000000 1.875592 20.192819 -0.000000 0.313888 -0.019621 
68 -0.879187 0.000000 1.875592 20.073074 -0.000000 0.374649 -0.007672 
69 0.929500 0.000000 1.875592 20.200838 -0.000000 0.066460 -0.020196 
70 0.025156 0.000000 2.760450 20.092336 -0.000000 0.293662 -0.009471 
71 0.477328 0.000000 0.548304 19.031873 0.000000 0.385673 0.094098 
72 0.025156 0.000000 0.548304 19.782334 0.000000 0.624719 0.020673 
73 0.477328 0.000000 0.105875 19.605353 0.000000 0.246861 0.038923 
74 0.929500 0.000000 0.548304 19.539301 0.000001 -0.432769 0.045071 
75 0.477328 0.000000 0.990734 20.004500 -0.000000 0.046880 -0.000456 
76 1.833844 0.000000 1.875592 20.062057 -0.000001 0.018369 -0.006216 
77 2.738188 0.000000 1.875592 20.019335 -0.000001 0.037330 -0.001938 
78 1.833844 0.000000 2.760450 20.053124 -0.000000 0.184330 -0.005404 
79 1.381672 0.000000 0.548304 19.903223 0.000001 -0.242938 0.009507 
80 1.381672 0.000000 0.105875 19.841733 0.000001 -0.077263 0.015749 
81 1.833844 0.000000 0.548304 19.950386 0.000001 -0.166465 0.004886 
82 1.381672 0.000000 0.990734 19.923776 -0.000001 -0.116249 0.007574 
1 1 12 10 11 
2 12 7 13 10 
3 11 10 14 6 
4 7 16 15 13 
5 16 2 17 15 
6 15 17 8 18 
7 6 14 19 20 
8 19 21 9 22 
9 20 19 22 4 
10 10 25 23 24 
11 25 13 26 23 
12 24 23 27 14 
13 18 8 29 28 
14 28 29 3 30 
15 21 28 30 9 
16 13 32 31 26 
17 32 15 33 31 
18 31 33 18 34 
19 14 27 35 36 
20 35 37 21 38 
21 36 35 38 19 
22 23 41 39 40 
23 41 26 42 39 
24 40 39 43 27 
25 34 18 45 44 
26 44 45 28 46 
27 37 44 46 21 
28 26 48 47 42 
29 48 31 49 47 
30 47 49 34 50 
31 27 43 51 52 
32 51 53 37 54 
33 52 51 54 35 
34 39 57 55 56 
35 57 42 58 55 
36 56 55 59 43 
37 50 34 61 60 
38 60 61 44 62 
39 53 60 62 37 
40 42 64 63 58 
41 64 47 65 63 
42 63 65 50 66 
43 43 59 67 68 
44 59 5 69 67 
45 67 69 53 70 
46 68 67 70 51 
47 55 73 71 72 
48 73 58 74 71 
49 71 74 5 75 
50 72 71 75 59 
51 5 66 76 69 
52 66 50 77 76 
53 76 77 60 78 
54 69 76 78 53 
55 58 80 79 74 
56 80 63 81 79 
57 79 81 66 82 
58 74 79 82 5 
