2 0.000000 20.000000 82.066944
82 58 
1 -13.540000 0.000000 -13.167000 19.999499 0.000010 0.001400 0.000050 
2 15.399000 0.000000 -13.167000 19.999372 0.000066 -0.002406 0.000063 
3 15.399000 0.000000 15.148467 20.000454 0.000066 -0.004457 -0.000045 
4 -13.540000 0.000000 15.148467 20.000670 0.000010 -0.001197 -0.000067 
5 0.929500 0.000000 0.990734 19.781325 0.002723 -2.244666 0.009152 
6 -13.540000 0.000000 0.990734 20.000276 0.000016 0.000805 -0.000028 
7 0.929500 0.000000 -13.167000 19.998256 0.000036 0.001726 0.000174 
8 15.399000 0.000000 0.990734 19.999797 -0.022237 -0.121719 -0.000018 
9 0.929500 0.000000 15.148467 20.001643 0.000036 -0.005157 -0.000164 
10 -6.305250 0.000000 -6.088133 19.997909 0.000036 0.003204 0.000209 
11 -13.540000 0.000000 -6.088133 19.999605 0.000014 0.001149 0.000040 
12 -6.305250 0.000000 -13.167000 19.998845 0.000019 0.002304 0.000116 
13 0.929500 0.000000 -6.088133 19.992932 0.000123 -0.000552 0.000707 
14 -6.305250 0.000000 0.990734 20.001269 0.000052 0.003366 -0.000127 
15 8.164250 0.000000 -6.088133 19.997584 0.000239 -0.012009 0.000241 
16 8.164250 0.000000 -13.167000 19.998746 0.000055 -0.000818 0.000125 
17 15.399000 0.000000 -6.088133 19.999328 0.000273 -0.013452 0.000067 
18 8.164250 0.000000 0.990734 19.999314 -0.022325 -0.123748 0.000029 
19 -6.305250 0.000000 8.069600 20.002745 0.000036 -0.002442 -0.000274 
20 -13.540000 0.000000 8.069600 20.000769 0.000014 -0.000217 -0.000077 
21 0.929500 0.000000 8.069600 20.006278 0.000123 -0.013539 -0.000628 
22 -6.305250 0.000000 15.148467 20.001286 0.000019 -0.002946 -0.000129 
23 -2.687875 0.000000 -2.548700 19.990996 0.000110 0.008065 0.000900 
24 -6.305250 0.000000 -2.548700 19.998358 0.000047 0.003521 0.000164 
25 -2.687875 0.000000 -6.088133 19.995169 0.000066 0.004094 0.000483 
26 0.929500 0.000000 -2.548700 19.971918 0.000333 -0.018796 0.002805 
27 -2.687875 0.000000 0.990734 20.006519 0.000146 0.014324 -0.000652 
28 8.164250 0.000000 8.069600 20.001719 0.000237 -0.014825 -0.000172 
29 15.399000 0.000000 8.069600 20.000359 0.000271 -0.013268 -0.000036 
30 8.164250 0.000000 15.148467 20.001034 0.000054 -0.005293 -0.000104 
31 4.546875 0.000000 -2.548700 19.991188 0.000633 -0.049894 0.000875 
32 4.546875 0.000000 -6.088133 19.995114 0.000192 -0.008395 0.000488 
33 8.164250 0.000000 -2.548700 19.997511 0.000775 -0.051807 0.000242 
34 4.546875 0.000000 0.990734 19.998006 -0.022538 -0.131524 0.000155 
35 -2.687875 0.000000 4.530167 20.011315 0.000111 -0.005339 -0.001132 
36 -6.305250 0.000000 4.530167 20.003256 0.000047 0.000292 -0.000326 
37 0.929500 0.000000 4.530167 20.022406 0.000286 -0.038539 -0.002246 
38 -2.687875 0.000000 8.069600 20.005135 0.000066 -0.006932 -0.000514 
39 -0.879187 0.000000 -0.778983 19.956460 0.000304 0.025544 0.004348 
40 -2.687875 0.000000 -0.778983 19.993085 0.000135 0.012651 0.000691 
41 -0.879187 0.000000 -2.548700 19.979382 0.000187 0.005332 0.002061 
42 0.929500 0.000000 -0.778983 19.893352 0.000423 -0.094444 0.010614 
43 -0.879187 0.000000 0.990734 20.035843 0.000363 0.071990 -0.003600 
44 4.546875 0.000000 4.530167 20.006126 0.000677 -0.048256 -0.000619 
45 8.164250 0.000000 4.530167 20.001354 0.000817 -0.045415 -0.000141 
46 4.546875 0.000000 8.069600 20.003879 0.000191 -0.015774 -0.000389 
47 2.738188 0.000000 -0.778983 19.969758 0.000239 -0.162962 0.002956 
48 2.738188 0.000000 -2.548700 19.981869 0.000474 -0.042416 0.001808 
49 4.546875 0.000000 -0.778983 19.991495 0.000395 -0.159509 0.000787 
50 2.738188 0.000000 0.990734 19.998030 -0.018184 -0.156132 0.000135 
51 -0.879187 0.000000 2.760450 20.048306 0.000304 -0.012424 -0.004837 
52 -2.687875 0.000000 2.760450 20.014214 0.000136 0.003229 -0.001422 
53 0.929500 0.000000 2.760450 20.073134 0.000545 -0.104804 -0.007354 
54 -0.879187 0.000000 4.530167 20.019936 0.000190 -0.018209 -0.001995 
55 0.025156 0.000000 0.105875 19.814337 0.000405 0.072226 0.018467 
56 -0.879187 0.000000 0.105875 19.966994 0.000346 0.059168 0.003289 
57 0.025156 0.000000 -0.778983 19.906699 -0.000078 -0.002358 0.009308 
58 0.929500 0.000000 0.105875 19.746513 0.000382 -0.284588 0.024986 
59 0.025156 0.000000 0.990734 20.131454 0.000428 0.278779 -0.013383 
60 2.738188 0.000000 2.760450 20.019997 0.000900 -0.132391 -0.002045 
61 4.546875 0.000000 2.760450 20.004662 0.001147 -0.125545 -0.000506 
62 2.738188 0.000000 4.530167 20.013450 0.000520 -0.048165 -0.001351 
63 1.833844 0.000000 0.105875 19.932400 -0.000904 -0.330185 0.006476 
64 1.833844 0.000000 -0.778983 19.938302 0.000346 -0.151880 0.006103 
65 2.738188 0.000000 0.105875 19.975771 -0.002804 -0.305958 0.002187 
66 1.833844 0.000000 0.990734 19.997805 -0.003813 -0.194660 0.000125 
67 0.025156 0.000000 1.875592 20.156125 0.000420 -0.035883 -0.015677 
68 -0.879187 0.000000 1.875592 20.064787 0.000345 0.018777 -0.006490 
69 0.929500 0.000000 1.875592 20.151986 0.000512 -0.226717 -0.015385 
70 0.025156 0.000000 2.760450 20.074914 0.000438 -0.049982 -0.007512 
71 0.477328 0.000000 0.548304 19.233594 0.000512 0.043516 0.075167 
72 0.025156 0.000000 0.548304 19.828404 0.000424 0.231766 0.016952 
73 0.477328 0.000000 0.105875 19.688489 0.000449 -0.076440 0.030894 
74 0.929500 0.000000 0.548304 19.628702 0.000527 -0.635796 0.035775 
75 0.477328 0.000000 0.990734 19.992368 0.000182 0.046153 0.000758 
76 1.833844 0.000000 1.875592 20.046996 0.000192 -0.250412 -0.004862 
77 2.738188 0.000000 1.875592 20.015695 -0.000250 -0.233693 -0.001707 
78 1.833844 0.000000 2.760450 20.042863 0.000721 -0.131502 -0.004334 
79 1.381672 0.000000 0.548304 19.940762 0.000070 -0.439005 0.005433 
80 1.381672 0.000000 0.105875 19.875415 -0.000008 -0.334922 0.012139 
81 1.833844 0.000000 0.548304 19.963133 -0.001525 -0.366895 0.003347 
82 1.381672 0.000000 0.990734 19.852590 -0.002015 -0.210515 0.014576 
1 1 12 10 11 
2 12 7 13 10 
3 11 10 14 6 
4 7 16 15 13 
5 16 2 17 15 
6 15 17 8 18 
7 6 14 19 20 
8 19 21 9 22 
9 20 19 22 4 
10 10 25 23 24 
11 25 13 26 23 
12 24 23 27 14 
13 18 8 29 28 
14 28 29 3 30 
15 21 28 30 9 
16 13 32 31 26 
17 32 15 33 31 
18 31 33 18 34 
19 14 27 35 36 
20 35 37 21 38 
21 36 35 38 19 
22 23 41 39 40 
23 41 26 42 39 
24 40 39 43 27 
25 34 18 45 44 
26 44 45 28 46 
27 37 44 46 21 
28 26 48 47 42 
29 48 31 49 47 
30 47 49 34 50 
31 27 43 51 52 
32 51 53 37 54 
33 52 51 54 35 
34 39 57 55 56 
35 57 42 58 55 
36 56 55 59 43 
37 50 34 61 60 
38 60 61 44 62 
39 53 60 62 37 
40 42 64 63 58 
41 64 47 65 63 
42 63 65 50 66 
43 43 59 67 68 
44 59 5 69 67 
45 67 69 53 70 
46 68 67 70 51 
47 55 73 71 72 
48 73 58 74 71 
49 71 74 5 75 
50 72 71 75 59 
51 5 66 76 69 
52 66 50 77 76 
53 76 77 60 78 
54 69 76 78 53 
55 58 80 79 74 
56 80 63 81 79 
57 79 81 66 82 
58 74 79 82 5 
