2 0.000000 20.000000 82.066944
82 58 
1 -13.540000 0.000000 -13.167000 19.996315 -0.000003 0.350467 0.000061 
2 15.399000 0.000000 -13.167000 19.996248 -0.000028 0.346024 0.000076 
3 15.399000 0.000000 15.148467 19.997604 0.000002 0.343714 -0.000056 
4 -13.540000 0.000000 15.148467 19.997780 -0.000001 0.347861 -0.000081 
5 0.929500 0.000000 0.990734 19.753390 0.000070 -2.241484 0.011948 
6 -13.540000 0.000000 0.990734 19.997248 -0.000003 0.350027 -0.000031 
7 0.929500 0.000000 -13.167000 19.994807 -0.000015 0.350415 0.000212 
8 15.399000 0.000000 0.990734 20.003270 -0.018711 -0.026105 -0.000330 
9 0.929500 0.000000 15.148467 19.999053 -0.000000 0.343479 -0.000200 
10 -6.305250 0.000000 -6.088133 19.994330 -0.000013 0.352348 0.000257 
11 -13.540000 0.000000 -6.088133 19.996438 -0.000004 0.350280 0.000049 
12 -6.305250 0.000000 -13.167000 19.995505 -0.000006 0.351300 0.000141 
13 0.929500 0.000000 -6.088133 19.988381 -0.000078 0.346992 0.000861 
14 -6.305250 0.000000 0.990734 19.998309 -0.000011 0.353138 -0.000143 
15 8.164250 0.000000 -6.088133 19.994280 -0.000166 0.334531 0.000292 
16 8.164250 0.000000 -13.167000 19.995458 -0.000024 0.347614 0.000152 
17 15.399000 0.000000 -6.088133 19.996416 -0.000173 0.333627 0.000080 
18 8.164250 0.000000 0.990734 20.001599 0.021675 0.037255 -0.000165 
19 -6.305250 0.000000 8.069600 20.000298 -0.000002 0.346661 -0.000330 
20 -13.540000 0.000000 8.069600 19.997874 -0.000002 0.348905 -0.000092 
21 0.929500 0.000000 8.069600 20.004891 0.000022 0.333875 -0.000768 
22 -6.305250 0.000000 15.148467 19.998563 -0.000001 0.346028 -0.000156 
23 -2.687875 0.000000 -2.548700 19.985756 -0.000055 0.357529 0.001104 
24 -6.305250 0.000000 -2.548700 19.994828 -0.000015 0.352971 0.000206 
25 -2.687875 0.000000 -6.088133 19.990989 -0.000031 0.352891 0.000590 
26 0.929500 0.000000 -2.548700 19.963193 -0.000385 0.323968 0.003415 
27 -2.687875 0.000000 0.990734 20.003927 -0.000030 0.366476 -0.000729 
28 8.164250 0.000000 8.069600 19.999390 0.000064 0.330863 -0.000213 
29 15.399000 0.000000 8.069600 19.997701 0.000070 0.331892 -0.000045 
30 8.164250 0.000000 15.148467 19.998326 0.000002 0.343007 -0.000127 
31 4.546875 0.000000 -2.548700 19.987248 -0.000939 0.289321 0.001066 
32 4.546875 0.000000 -6.088133 19.991202 -0.000137 0.338172 0.000594 
33 8.164250 0.000000 -2.548700 19.994989 -0.001012 0.289330 0.000292 
34 4.546875 0.000000 0.990734 20.000146 0.022727 0.031483 -0.000018 
35 -2.687875 0.000000 4.530167 20.010655 0.000006 0.343900 -0.001361 
36 -6.305250 0.000000 4.530167 20.000817 -0.000005 0.349691 -0.000387 
37 0.929500 0.000000 4.530167 20.025216 0.000200 0.304317 -0.002755 
38 -2.687875 0.000000 8.069600 20.003306 0.000002 0.341779 -0.000623 
39 -0.879187 0.000000 -0.778983 19.943379 -0.000228 0.376785 0.005299 
40 -2.687875 0.000000 -0.778983 19.987983 -0.000057 0.363558 0.000871 
41 -0.879187 0.000000 -2.548700 19.971745 -0.000147 0.353145 0.002512 
42 0.929500 0.000000 -0.778983 19.869624 -0.001116 0.231181 0.012861 
43 -0.879187 0.000000 0.990734 20.035807 -0.000044 0.436262 -0.004060 
44 4.546875 0.000000 4.530167 20.005581 0.000539 0.288999 -0.000767 
45 8.164250 0.000000 4.530167 19.999670 0.000621 0.290242 -0.000178 
46 4.546875 0.000000 8.069600 20.002044 0.000051 0.330412 -0.000477 
47 2.738188 0.000000 -0.778983 19.963024 -0.003321 0.152041 0.003636 
48 2.738188 0.000000 -2.548700 19.975724 -0.000735 0.296878 0.002206 
49 4.546875 0.000000 -0.778983 19.989819 -0.004219 0.160593 0.000953 
50 2.738188 0.000000 0.990734 19.999659 0.018190 -0.002077 0.000033 
51 -0.879187 0.000000 2.760450 20.055292 0.000100 0.337275 -0.005821 
52 -2.687875 0.000000 2.760450 20.013737 -0.000002 0.353781 -0.001687 
53 0.929500 0.000000 2.760450 20.089105 0.000705 0.224020 -0.009056 
54 -0.879187 0.000000 4.530167 20.021510 0.000047 0.329314 -0.002423 
55 0.025156 0.000000 0.105875 19.770939 -0.000674 0.428723 0.022315 
56 -0.879187 0.000000 0.105875 19.954275 -0.000197 0.418080 0.004130 
57 0.025156 0.000000 -0.778983 19.884250 -0.000500 0.341432 0.011250 
58 0.929500 0.000000 0.105875 19.692162 -0.002307 0.000511 0.030547 
59 0.025156 0.000000 0.990734 20.154728 0.000122 0.691619 -0.016728 
60 2.738188 0.000000 2.760450 20.024719 0.002213 0.182549 -0.002557 
61 4.546875 0.000000 2.760450 20.005623 0.002979 0.186673 -0.000650 
62 2.738188 0.000000 4.530167 20.014577 0.000401 0.290703 -0.001669 
63 1.833844 0.000000 0.105875 19.916410 -0.004266 -0.064611 0.008331 
64 1.833844 0.000000 -0.778983 19.924360 -0.002145 0.163676 0.007483 
65 2.738188 0.000000 0.105875 19.972784 -0.006971 -0.033885 0.002717 
66 1.833844 0.000000 0.990734 20.003159 0.007251 -0.059351 -0.000325 
67 0.025156 0.000000 1.875592 20.187466 0.000448 0.311730 -0.019077 
68 -0.879187 0.000000 1.875592 20.073556 0.000082 0.374514 -0.007720 
69 0.929500 0.000000 1.875592 20.194108 0.001612 0.073844 -0.019519 
70 0.025156 0.000000 2.760450 20.089030 0.000294 0.292812 -0.009137 
71 0.477328 0.000000 0.548304 19.071393 -0.002000 0.382919 0.090338 
72 0.025156 0.000000 0.548304 19.783685 -0.000544 0.625090 0.020538 
73 0.477328 0.000000 0.105875 19.622984 -0.001394 0.249037 0.037191 
74 0.929500 0.000000 0.548304 19.548386 -0.003997 -0.414823 0.044221 
75 0.477328 0.000000 0.990734 20.006323 -0.000183 0.046897 -0.000638 
76 1.833844 0.000000 1.875592 20.064658 0.003553 0.022824 -0.006478 
77 2.738188 0.000000 1.875592 20.021960 0.005865 0.038780 -0.002201 
78 1.833844 0.000000 2.760450 20.053025 0.001421 0.186986 -0.005397 
79 1.381672 0.000000 0.548304 19.903242 -0.004630 -0.233882 0.009516 
80 1.381672 0.000000 0.105875 19.844166 -0.003167 -0.066170 0.015512 
81 1.833844 0.000000 0.548304 19.952514 -0.005211 -0.155826 0.004682 
82 1.381672 0.000000 0.990734 19.929928 0.006357 -0.114670 0.006962 
1 1 12 10 11 
2 12 7 13 10 
3 11 10 14 6 
4 7 16 15 13 
5 16 2 17 15 
6 15 17 8 18 
7 6 14 19 20 
8 19 21 9 22 
9 20 19 22 4 
10 10 25 23 24 
11 25 13 26 23 
12 24 23 27 14 
13 18 8 29 28 
14 28 29 3 30 
15 21 28 30 9 
16 13 32 31 26 
17 32 15 33 31 
18 31 33 18 34 
19 14 27 35 36 
20 35 37 21 38 
21 36 35 38 19 
22 23 41 39 40 
23 41 26 42 39 
24 40 39 43 27 
25 34 18 45 44 
26 44 45 28 46 
27 37 44 46 21 
28 26 48 47 42 
29 48 31 49 47 
30 47 49 34 50 
31 27 43 51 52 
32 51 53 37 54 
33 52 51 54 35 
34 39 57 55 56 
35 57 42 58 55 
36 56 55 59 43 
37 50 34 61 60 
38 60 61 44 62 
39 53 60 62 37 
40 42 64 63 58 
41 64 47 65 63 
42 63 65 50 66 
43 43 59 67 68 
44 59 5 69 67 
45 67 69 53 70 
46 68 67 70 51 
47 55 73 71 72 
48 73 58 74 71 
49 71 74 5 75 
50 72 71 75 59 
51 5 66 76 69 
52 66 50 77 76 
53 76 77 60 78 
54 69 76 78 53 
55 58 80 79 74 
56 80 63 81 79 
57 79 81 66 82 
58 74 79 82 5 
