WARNING: 2 open meshes merged
     Merged: WingGeom
     Merged: Vtail
...Mass Properties...
68 Num Comps
35 Total Num Meshes
15840 Total Num Tris

1.039702130762993e+01             Total Mass
5.085019971673077e-01 -8.227361139565856e-05 8.195117950636249e-01       Center of Gravity
5.833307112840854e-01 1.040036998716569e+00 1.322124268524574e+00       Ixx, Iyy, Izz
-4.669952226987959e-04 9.167326541968675e-02 -5.809878752371276e-05       Ixy, Ixz, Iyz
4.731396769537023e-02             Volume

Name	Mass	cgX	cgY	cgZ	Ixx	Iyy	Izz	Ixy	Ixz	Iyz	Volume
WingGeom	0.000000000000000e+00	0.000000000000000e+00	0.000000000000000e+00	0.000000000000000e+00	0.000000000000000e+00	0.000000000000000e+00	0.000000000000000e+00	0.000000000000000e+00	0.000000000000000e+00	0.000000000000000e+00	2.765986872072694e-02
Batteria_1	0.000000000000000e+00	0.000000000000000e+00	0.000000000000000e+00	0.000000000000000e+00	0.000000000000000e+00	0.000000000000000e+00	0.000000000000000e+00	0.000000000000000e+00	0.000000000000000e+00	0.000000000000000e+00	2.847999999999999e-04
Batteria_2	0.000000000000000e+00	0.000000000000000e+00	0.000000000000000e+00	0.000000000000000e+00	0.000000000000000e+00	0.000000000000000e+00	0.000000000000000e+00	0.000000000000000e+00	0.000000000000000e+00	0.000000000000000e+00	2.847999999999998e-04
Serbatoio	0.000000000000000e+00	0.000000000000000e+00	0.000000000000000e+00	0.000000000000000e+00	0.000000000000000e+00	0.000000000000000e+00	0.000000000000000e+00	0.000000000000000e+00	0.000000000000000e+00	0.000000000000000e+00	1.459689000000004e-03
FuselageGeom	0.000000000000000e+00	0.000000000000000e+00	0.000000000000000e+00	0.000000000000000e+00	0.000000000000000e+00	0.000000000000000e+00	0.000000000000000e+00	0.000000000000000e+00	0.000000000000000e+00	0.000000000000000e+00	1.112422857065593e-02
Motore ant dx	0.000000000000000e+00	0.000000000000000e+00	0.000000000000000e+00	0.000000000000000e+00	0.000000000000000e+00	0.000000000000000e+00	0.000000000000000e+00	0.000000000000000e+00	0.000000000000000e+00	0.000000000000000e+00	4.806000000000014e-05
Motore ant sx	0.000000000000000e+00	0.000000000000000e+00	0.000000000000000e+00	0.000000000000000e+00	0.000000000000000e+00	0.000000000000000e+00	0.000000000000000e+00	0.000000000000000e+00	0.000000000000000e+00	0.000000000000000e+00	4.806000000000009e-05
Motore post sx	0.000000000000000e+00	0.000000000000000e+00	0.000000000000000e+00	0.000000000000000e+00	0.000000000000000e+00	0.000000000000000e+00	0.000000000000000e+00	0.000000000000000e+00	0.000000000000000e+00	0.000000000000000e+00	4.805999999999961e-05
Motore post dx	0.000000000000000e+00	0.000000000000000e+00	0.000000000000000e+00	0.000000000000000e+00	0.000000000000000e+00	0.000000000000000e+00	0.000000000000000e+00	0.000000000000000e+00	0.000000000000000e+00	0.000000000000000e+00	4.805999999999965e-05
Pompa	0.000000000000000e+00	0.000000000000000e+00	0.000000000000000e+00	0.000000000000000e+00	0.000000000000000e+00	0.000000000000000e+00	0.000000000000000e+00	0.000000000000000e+00	0.000000000000000e+00	0.000000000000000e+00	2.721264000000008e-04
Elettrovalvola	0.000000000000000e+00	0.000000000000000e+00	0.000000000000000e+00	0.000000000000000e+00	0.000000000000000e+00	0.000000000000000e+00	0.000000000000000e+00	0.000000000000000e+00	0.000000000000000e+00	0.000000000000000e+00	1.292279999999996e-04
CubeOrange	0.000000000000000e+00	0.000000000000000e+00	0.000000000000000e+00	0.000000000000000e+00	0.000000000000000e+00	0.000000000000000e+00	0.000000000000000e+00	0.000000000000000e+00	0.000000000000000e+00	0.000000000000000e+00	1.577080000000002e-04
ESC1	0.000000000000000e+00	0.000000000000000e+00	0.000000000000000e+00	0.000000000000000e+00	0.000000000000000e+00	0.000000000000000e+00	0.000000000000000e+00	0.000000000000000e+00	0.000000000000000e+00	0.000000000000000e+00	5.553600000000009e-05
ESC2	0.000000000000000e+00	0.000000000000000e+00	0.000000000000000e+00	0.000000000000000e+00	0.000000000000000e+00	0.000000000000000e+00	0.000000000000000e+00	0.000000000000000e+00	0.000000000000000e+00	0.000000000000000e+00	5.553600000000025e-05
ESC3	0.000000000000000e+00	0.000000000000000e+00	0.000000000000000e+00	0.000000000000000e+00	0.000000000000000e+00	0.000000000000000e+00	0.000000000000000e+00	0.000000000000000e+00	0.000000000000000e+00	0.000000000000000e+00	5.553599999999997e-05
ESC4	0.000000000000000e+00	0.000000000000000e+00	0.000000000000000e+00	0.000000000000000e+00	0.000000000000000e+00	0.000000000000000e+00	0.000000000000000e+00	0.000000000000000e+00	0.000000000000000e+00	0.000000000000000e+00	5.553600000000031e-05
TD SR18 Receiver	0.000000000000000e+00	0.000000000000000e+00	0.000000000000000e+00	0.000000000000000e+00	0.000000000000000e+00	0.000000000000000e+00	0.000000000000000e+00	0.000000000000000e+00	0.000000000000000e+00	0.000000000000000e+00	1.295840000000013e-05
RFD 900X Telemetry 	0.000000000000000e+00	0.000000000000000e+00	0.000000000000000e+00	0.000000000000000e+00	0.000000000000000e+00	0.000000000000000e+00	0.000000000000000e+00	0.000000000000000e+00	0.000000000000000e+00	0.000000000000000e+00	8.900000000000048e-05
PropAntDx	0.000000000000000e+00	0.000000000000000e+00	0.000000000000000e+00	0.000000000000000e+00	0.000000000000000e+00	0.000000000000000e+00	0.000000000000000e+00	0.000000000000000e+00	0.000000000000000e+00	0.000000000000000e+00	0.000000000000000e+00
PropAntSx	0.000000000000000e+00	0.000000000000000e+00	0.000000000000000e+00	0.000000000000000e+00	0.000000000000000e+00	0.000000000000000e+00	0.000000000000000e+00	0.000000000000000e+00	0.000000000000000e+00	0.000000000000000e+00	0.000000000000000e+00
PropPostSx	0.000000000000000e+00	0.000000000000000e+00	0.000000000000000e+00	0.000000000000000e+00	0.000000000000000e+00	0.000000000000000e+00	0.000000000000000e+00	0.000000000000000e+00	0.000000000000000e+00	0.000000000000000e+00	0.000000000000000e+00
PropPostDx	0.000000000000000e+00	0.000000000000000e+00	0.000000000000000e+00	0.000000000000000e+00	0.000000000000000e+00	0.000000000000000e+00	0.000000000000000e+00	0.000000000000000e+00	0.000000000000000e+00	0.000000000000000e+00	0.000000000000000e+00
CubeID	1.175829930646113e-06	7.066389841384930e-02	-4.173531514774211e-04	9.028792664421985e-01	2.743535903695611e-11	1.726682459661256e-10	1.955953601022169e-10	-3.294234463775498e-12	2.388529133069267e-13	-6.507807893709804e-13	1.175829930646113e-06
FrSky Archer	0.000000000000000e+00	0.000000000000000e+00	0.000000000000000e+00	0.000000000000000e+00	0.000000000000000e+00	0.000000000000000e+00	0.000000000000000e+00	0.000000000000000e+00	0.000000000000000e+00	0.000000000000000e+00	2.995739999999991e-05
Tensore di corrente	0.000000000000000e+00	0.000000000000000e+00	0.000000000000000e+00	0.000000000000000e+00	0.000000000000000e+00	0.000000000000000e+00	0.000000000000000e+00	0.000000000000000e+00	0.000000000000000e+00	0.000000000000000e+00	1.228199999999995e-05
Mauch021 BEC FC	2.013179999999990e-05	7.565000000000001e-01	-5.105537182877327e-19	8.229999999999995e-01	2.489962317271761e-09	6.093655111023924e-09	7.558786352247766e-09	-4.264454415305670e-11	-3.548452463038664e-12	6.454108839362545e-11	2.013179999999990e-05
SBEC1	0.000000000000000e+00	0.000000000000000e+00	0.000000000000000e+00	0.000000000000000e+00	0.000000000000000e+00	0.000000000000000e+00	0.000000000000000e+00	0.000000000000000e+00	0.000000000000000e+00	0.000000000000000e+00	2.563200000000009e-05
SBEC2	0.000000000000000e+00	0.000000000000000e+00	0.000000000000000e+00	0.000000000000000e+00	0.000000000000000e+00	0.000000000000000e+00	0.000000000000000e+00	0.000000000000000e+00	0.000000000000000e+00	0.000000000000000e+00	2.494075145380852e-05
GNSS Here4	0.000000000000000e+00	0.000000000000000e+00	0.000000000000000e+00	0.000000000000000e+00	0.000000000000000e+00	0.000000000000000e+00	0.000000000000000e+00	0.000000000000000e+00	0.000000000000000e+00	0.000000000000000e+00	5.809920000000014e-05
Vtail	0.000000000000000e+00	0.000000000000000e+00	0.000000000000000e+00	0.000000000000000e+00	0.000000000000000e+00	0.000000000000000e+00	0.000000000000000e+00	0.000000000000000e+00	0.000000000000000e+00	0.000000000000000e+00	4.103549186932108e-03
Paracadute	0.000000000000000e+00	0.000000000000000e+00	0.000000000000000e+00	0.000000000000000e+00	0.000000000000000e+00	0.000000000000000e+00	0.000000000000000e+00	0.000000000000000e+00	0.000000000000000e+00	0.000000000000000e+00	1.059696435672008e-03
Attuatore Tilt	0.000000000000000e+00	0.000000000000000e+00	0.000000000000000e+00	0.000000000000000e+00	0.000000000000000e+00	0.000000000000000e+00	0.000000000000000e+00	0.000000000000000e+00	0.000000000000000e+00	0.000000000000000e+00	3.065159999999999e-05
Attuatore Alettone	0.000000000000000e+00	0.000000000000000e+00	0.000000000000000e+00	0.000000000000000e+00	0.000000000000000e+00	0.000000000000000e+00	0.000000000000000e+00	0.000000000000000e+00	0.000000000000000e+00	0.000000000000000e+00	0.000000000000000e+00
Attuatore Ruddervator dx	0.000000000000000e+00	0.000000000000000e+00	0.000000000000000e+00	0.000000000000000e+00	0.000000000000000e+00	0.000000000000000e+00	0.000000000000000e+00	0.000000000000000e+00	0.000000000000000e+00	0.000000000000000e+00	4.485599999999952e-05
Attuatore Ruddervator sx	0.000000000000000e+00	0.000000000000000e+00	0.000000000000000e+00	0.000000000000000e+00	0.000000000000000e+00	0.000000000000000e+00	0.000000000000000e+00	0.000000000000000e+00	0.000000000000000e+00	0.000000000000000e+00	1.420439999999999e-05
WingGeom_pm	1.300000000000000e+00	6.144780027311850e-01	0.000000000000000e+00	8.449041509287790e-01	0.000000000000000e+00	0.000000000000000e+00	0.000000000000000e+00	-0.000000000000000e+00	-0.000000000000000e+00	-0.000000000000000e+00	0.000000000000000e+00
WingGeom_pm	1.300000000000000e+00	6.144780027311850e-01	0.000000000000000e+00	8.449041509287790e-01	0.000000000000000e+00	0.000000000000000e+00	0.000000000000000e+00	-0.000000000000000e+00	-0.000000000000000e+00	-0.000000000000000e+00	0.000000000000000e+00
Batteria_1_pm	9.730000000000000e-01	4.200000000000000e-01	2.500000000000000e-02	7.980000000000000e-01	0.000000000000000e+00	0.000000000000000e+00	0.000000000000000e+00	-0.000000000000000e+00	-0.000000000000000e+00	-0.000000000000000e+00	0.000000000000000e+00
Batteria_2_pm	9.730000000000000e-01	4.200000000000000e-01	-2.480000000000000e-02	7.980000000000000e-01	0.000000000000000e+00	0.000000000000000e+00	0.000000000000000e+00	-0.000000000000000e+00	-0.000000000000000e+00	-0.000000000000000e+00	0.000000000000000e+00
Serbatoio_pm	1.180000000000000e+00	1.450000000000000e-01	0.000000000000000e+00	8.350000000000000e-01	0.000000000000000e+00	0.000000000000000e+00	0.000000000000000e+00	-0.000000000000000e+00	-0.000000000000000e+00	-0.000000000000000e+00	0.000000000000000e+00
FuselageGeom_pm	9.840000000000000e-01	4.550000000000000e-01	0.000000000000000e+00	8.333333333333339e-01	0.000000000000000e+00	0.000000000000000e+00	0.000000000000000e+00	-0.000000000000000e+00	-0.000000000000000e+00	-0.000000000000000e+00	0.000000000000000e+00
Motore ant dx_pm	3.000000000000000e-01	2.050000000000000e-01	7.000000000000000e-01	8.730000000000000e-01	0.000000000000000e+00	0.000000000000000e+00	0.000000000000000e+00	-0.000000000000000e+00	-0.000000000000000e+00	-0.000000000000000e+00	0.000000000000000e+00
Motore ant sx_pm	3.000000000000000e-01	2.050000000000000e-01	-7.000000000000000e-01	8.730000000000000e-01	0.000000000000000e+00	0.000000000000000e+00	0.000000000000000e+00	-0.000000000000000e+00	-0.000000000000000e+00	-0.000000000000000e+00	0.000000000000000e+00
Motore post sx_pm	3.000000000000000e-01	1.030000000000000e+00	-3.000000000000000e-01	8.330000000000000e-01	0.000000000000000e+00	0.000000000000000e+00	0.000000000000000e+00	-0.000000000000000e+00	-0.000000000000000e+00	-0.000000000000000e+00	0.000000000000000e+00
Motore post dx_pm	3.000000000000000e-01	1.030000000000000e+00	3.000000000000000e-01	8.330000000000000e-01	0.000000000000000e+00	0.000000000000000e+00	0.000000000000000e+00	-0.000000000000000e+00	-0.000000000000000e+00	-0.000000000000000e+00	0.000000000000000e+00
Pompa_pm	2.130000000000000e-01	2.835000000000000e-01	0.000000000000000e+00	7.950000000000000e-01	0.000000000000000e+00	0.000000000000000e+00	0.000000000000000e+00	-0.000000000000000e+00	-0.000000000000000e+00	-0.000000000000000e+00	0.000000000000000e+00
Elettrovalvola_pm	2.180000000000000e-01	2.175000000000000e-01	0.000000000000000e+00	7.830000000000000e-01	0.000000000000000e+00	0.000000000000000e+00	0.000000000000000e+00	-0.000000000000000e+00	-0.000000000000000e+00	-0.000000000000000e+00	0.000000000000000e+00
CubeOrange_pm	7.199999999999999e-02	6.672500000000000e-01	0.000000000000000e+00	8.830000000000000e-01	0.000000000000000e+00	0.000000000000000e+00	0.000000000000000e+00	-0.000000000000000e+00	-0.000000000000000e+00	-0.000000000000000e+00	0.000000000000000e+00
ESC1_pm	8.500000000000001e-02	4.945000000000001e-01	-7.000000000000000e-01	8.530000000000000e-01	0.000000000000000e+00	0.000000000000000e+00	0.000000000000000e+00	-0.000000000000000e+00	-0.000000000000000e+00	-0.000000000000000e+00	0.000000000000000e+00
ESC2_pm	8.500000000000001e-02	7.645000000000000e-01	3.000000000000000e-02	8.790000000000000e-01	0.000000000000000e+00	0.000000000000000e+00	0.000000000000000e+00	-0.000000000000000e+00	-0.000000000000000e+00	-0.000000000000000e+00	0.000000000000000e+00
ESC3_pm	8.500000000000001e-02	4.945000000000001e-01	7.000000000000000e-01	8.530000000000000e-01	0.000000000000000e+00	0.000000000000000e+00	0.000000000000000e+00	-0.000000000000000e+00	-0.000000000000000e+00	-0.000000000000000e+00	0.000000000000000e+00
ESC4_pm	8.500000000000001e-02	7.645000000000000e-01	-3.000000000000000e-02	8.790000000000000e-01	0.000000000000000e+00	0.000000000000000e+00	0.000000000000000e+00	-0.000000000000000e+00	-0.000000000000000e+00	-0.000000000000000e+00	0.000000000000000e+00
TD SR18 Receiver_pm	3.000000000000000e-02	8.335000000000000e-01	-4.000000000000000e-02	8.730000000000000e-01	0.000000000000000e+00	0.000000000000000e+00	0.000000000000000e+00	-0.000000000000000e+00	-0.000000000000000e+00	-0.000000000000000e+00	0.000000000000000e+00
RFD 900X Telemetry _pm	1.500000000000000e-02	1.100000000000000e-01	1.000000000000000e-02	8.880000000000000e-01	0.000000000000000e+00	0.000000000000000e+00	0.000000000000000e+00	-0.000000000000000e+00	-0.000000000000000e+00	-0.000000000000000e+00	0.000000000000000e+00
CubeID_pm	1.000000000000000e-02	7.250000000000000e-02	0.000000000000000e+00	9.030000000000000e-01	0.000000000000000e+00	0.000000000000000e+00	0.000000000000000e+00	-0.000000000000000e+00	-0.000000000000000e+00	-0.000000000000000e+00	0.000000000000000e+00
FrSky Archer_pm	2.100000000000000e-02	8.145000000000000e-01	0.000000000000000e+00	8.980000000000000e-01	0.000000000000000e+00	0.000000000000000e+00	0.000000000000000e+00	-0.000000000000000e+00	-0.000000000000000e+00	-0.000000000000000e+00	0.000000000000000e+00
Tensore di corrente_pm	2.200000000000000e-02	7.520000000000000e-01	0.000000000000000e+00	7.730000000000000e-01	0.000000000000000e+00	0.000000000000000e+00	0.000000000000000e+00	-0.000000000000000e+00	-0.000000000000000e+00	-0.000000000000000e+00	0.000000000000000e+00
Mauch021 BEC FC_pm	2.600000000000000e-02	7.595000000000000e-01	0.000000000000000e+00	8.230000000000000e-01	0.000000000000000e+00	0.000000000000000e+00	0.000000000000000e+00	-0.000000000000000e+00	-0.000000000000000e+00	-0.000000000000000e+00	0.000000000000000e+00
SBEC1_pm	5.000000000000000e-02	6.060000000000000e-01	0.000000000000000e+00	8.430000000000000e-01	0.000000000000000e+00	0.000000000000000e+00	0.000000000000000e+00	-0.000000000000000e+00	-0.000000000000000e+00	-0.000000000000000e+00	0.000000000000000e+00
SBEC2_pm	5.000000000000000e-02	1.236000000000000e+00	0.000000000000000e+00	8.630000000000000e-01	0.000000000000000e+00	0.000000000000000e+00	0.000000000000000e+00	-0.000000000000000e+00	-0.000000000000000e+00	-0.000000000000000e+00	0.000000000000000e+00
GNSS Here4_pm	6.000000000000000e-02	6.840000000000001e-01	0.000000000000000e+00	9.130000000000000e-01	0.000000000000000e+00	0.000000000000000e+00	0.000000000000000e+00	-0.000000000000000e+00	-0.000000000000000e+00	-0.000000000000000e+00	0.000000000000000e+00
Vtail_pm	2.420000000000000e-01	1.254120000000000e+00	0.000000000000000e+00	8.330000000000000e-01	0.000000000000000e+00	0.000000000000000e+00	0.000000000000000e+00	-0.000000000000000e+00	-0.000000000000000e+00	-0.000000000000000e+00	0.000000000000000e+00
Vtail_pm	2.420000000000000e-01	1.254120000000000e+00	0.000000000000000e+00	8.330000000000000e-01	0.000000000000000e+00	0.000000000000000e+00	0.000000000000000e+00	-0.000000000000000e+00	-0.000000000000000e+00	-0.000000000000000e+00	0.000000000000000e+00
Paracadute_pm	6.000000000000000e-01	3.693714993739426e-01	0.000000000000000e+00	8.935369543531190e-01	0.000000000000000e+00	0.000000000000000e+00	0.000000000000000e+00	-0.000000000000000e+00	-0.000000000000000e+00	-0.000000000000000e+00	0.000000000000000e+00
Attuatore Tilt_pm	7.099999999999999e-02	2.100000000000000e-02	0.000000000000000e+00	0.000000000000000e+00	0.000000000000000e+00	0.000000000000000e+00	0.000000000000000e+00	-0.000000000000000e+00	-0.000000000000000e+00	-0.000000000000000e+00	0.000000000000000e+00
Attuatore Alettone_pm	6.900000000000001e-02	2.000000000000000e-02	0.000000000000000e+00	0.000000000000000e+00	0.000000000000000e+00	0.000000000000000e+00	0.000000000000000e+00	-0.000000000000000e+00	-0.000000000000000e+00	-0.000000000000000e+00	0.000000000000000e+00
Attuatore Ruddervator dx_pm	6.800000000000000e-02	1.402000000000000e+00	0.000000000000000e+00	8.630000000000000e-01	0.000000000000000e+00	0.000000000000000e+00	0.000000000000000e+00	-0.000000000000000e+00	-0.000000000000000e+00	-0.000000000000000e+00	0.000000000000000e+00
Attuatore Ruddervator sx_pm	6.800000000000000e-02	2.200000000000000e-02	0.000000000000000e+00	0.000000000000000e+00	0.000000000000000e+00	0.000000000000000e+00	0.000000000000000e+00	-0.000000000000000e+00	-0.000000000000000e+00	-0.000000000000000e+00	0.000000000000000e+00
Name	Mass	cgX	cgY	cgZ	Ixx	Iyy	Izz	Ixy	Ixz	Iyz	Volume
Totals	1.039702130762993e+01	5.085019971673077e-01	-8.227361139565856e-05	8.195117950636249e-01	5.833307112840854e-01	1.040036998716569e+00	1.322124268524574e+00	-4.669952226987959e-04	9.167326541968675e-02	-5.809878752371276e-05	4.731396769537023e-02

...Filling Mass Properties (Volume Only -- No Shell or Point Mass)...
80 Num Slice

Slice	Mass	cgX	cgY	cgZ	Ixx	Iyy	Izz	Ixy	Ixz	Iyz	Volume
8.899999999999998e-03	0.000000000000000e+00	0.000000000000000e+00	0.000000000000000e+00	0.000000000000000e+00	0.000000000000000e+00	0.000000000000000e+00	0.000000000000000e+00	0.000000000000000e+00	0.000000000000000e+00	0.000000000000000e+00	2.953871616091030e-05
2.669999999999999e-02	0.000000000000000e+00	0.000000000000000e+00	0.000000000000000e+00	0.000000000000000e+00	0.000000000000000e+00	0.000000000000000e+00	0.000000000000000e+00	0.000000000000000e+00	0.000000000000000e+00	0.000000000000000e+00	1.294528628940528e-04
4.450000000000000e-02	0.000000000000000e+00	0.000000000000000e+00	0.000000000000000e+00	0.000000000000000e+00	0.000000000000000e+00	0.000000000000000e+00	0.000000000000000e+00	0.000000000000000e+00	0.000000000000000e+00	0.000000000000000e+00	3.282260121933252e-04
6.230000000000000e-02	6.233286895288293e-07	6.230000000000000e-02	-1.010804421903218e-04	9.028034353095479e-01	1.519223547549298e-11	4.232049445415065e-11	5.516151685063991e-11	3.243742456327836e-14	-3.700947147116118e-13	-5.185319556910131e-13	6.311116517753418e-04
8.010000000000000e-02	1.175829930646112e-06	7.066389841384939e-02	-4.173531514774213e-04	9.028792664421992e-01	2.743535903695615e-11	1.726682459661256e-10	1.955953601022169e-10	-3.294234463775493e-12	2.388529133086288e-13	-6.507807893710449e-13	9.798844924557124e-04
9.790000000000000e-02	1.175829930646112e-06	7.066389841384939e-02	-4.173531514774213e-04	9.028792664421992e-01	2.743535903695615e-11	1.726682459661256e-10	1.955953601022169e-10	-3.294234463775493e-12	2.388529133086288e-13	-6.507807893710449e-13	1.328657333136082e-03
1.157000000000000e-01	1.175829930646112e-06	7.066389841384939e-02	-4.173531514774213e-04	9.028792664421992e-01	2.743535903695615e-11	1.726682459661256e-10	1.955953601022169e-10	-3.294234463775493e-12	2.388529133086288e-13	-6.507807893710449e-13	1.677430173816452e-03
1.335000000000000e-01	1.175829930646112e-06	7.066389841384939e-02	-4.173531514774213e-04	9.028792664421992e-01	2.743535903695615e-11	1.726682459661256e-10	1.955953601022169e-10	-3.294234463775493e-12	2.388529133086288e-13	-6.507807893710449e-13	2.026203014496823e-03
1.513000000000000e-01	1.175829930646112e-06	7.066389841384939e-02	-4.173531514774213e-04	9.028792664421992e-01	2.743535903695615e-11	1.726682459661256e-10	1.955953601022169e-10	-3.294234463775493e-12	2.388529133086288e-13	-6.507807893710449e-13	2.374975855177193e-03
1.691000000000000e-01	1.175829930646112e-06	7.066389841384939e-02	-4.173531514774213e-04	9.028792664421992e-01	2.743535903695615e-11	1.726682459661256e-10	1.955953601022169e-10	-3.294234463775493e-12	2.388529133086288e-13	-6.507807893710449e-13	2.723748695857562e-03
1.869000000000000e-01	1.175829930646112e-06	7.066389841384939e-02	-4.173531514774213e-04	9.028792664421992e-01	2.743535903695615e-11	1.726682459661256e-10	1.955953601022169e-10	-3.294234463775493e-12	2.388529133086288e-13	-6.507807893710449e-13	3.104561536537931e-03
2.047000000000000e-01	1.175829930646112e-06	7.066389841384939e-02	-4.173531514774213e-04	9.028792664421992e-01	2.743535903695615e-11	1.726682459661256e-10	1.955953601022169e-10	-3.294234463775493e-12	2.388529133086288e-13	-6.507807893710449e-13	3.485374377218299e-03
2.225000000000000e-01	1.175829930646112e-06	7.066389841384939e-02	-4.173531514774213e-04	9.028792664421992e-01	2.743535903695615e-11	1.726682459661256e-10	1.955953601022169e-10	-3.294234463775493e-12	2.388529133086288e-13	-6.507807893710449e-13	3.866187217898668e-03
2.403000000000000e-01	1.175829930646112e-06	7.066389841384939e-02	-4.173531514774213e-04	9.028792664421992e-01	2.743535903695615e-11	1.726682459661256e-10	1.955953601022169e-10	-3.294234463775493e-12	2.388529133086288e-13	-6.507807893710449e-13	4.214960058579037e-03
2.581000000000000e-01	1.175829930646112e-06	7.066389841384939e-02	-4.173531514774213e-04	9.028792664421992e-01	2.743535903695615e-11	1.726682459661256e-10	1.955953601022169e-10	-3.294234463775493e-12	2.388529133086288e-13	-6.507807893710449e-13	4.563731273910385e-03
2.759000000000000e-01	1.175829930646112e-06	7.066389841384939e-02	-4.173531514774213e-04	9.028792664421992e-01	2.743535903695615e-11	1.726682459661256e-10	1.955953601022169e-10	-3.294234463775493e-12	2.388529133086288e-13	-6.507807893710449e-13	4.912504114590757e-03
2.937000000000000e-01	1.175829930646112e-06	7.066389841384939e-02	-4.173531514774213e-04	9.028792664421992e-01	2.743535903695615e-11	1.726682459661256e-10	1.955953601022169e-10	-3.294234463775493e-12	2.388529133086288e-13	-6.507807893710449e-13	5.261276955271128e-03
3.115000000000000e-01	1.175829930646112e-06	7.066389841384939e-02	-4.173531514774213e-04	9.028792664421992e-01	2.743535903695615e-11	1.726682459661256e-10	1.955953601022169e-10	-3.294234463775493e-12	2.388529133086288e-13	-6.507807893710449e-13	5.611532120733716e-03
3.293000000000000e-01	1.175829930646112e-06	7.066389841384939e-02	-4.173531514774213e-04	9.028792664421992e-01	2.743535903695615e-11	1.726682459661256e-10	1.955953601022169e-10	-3.294234463775493e-12	2.388529133086288e-13	-6.507807893710449e-13	5.968026790257113e-03
3.471000000000000e-01	1.175829930646112e-06	7.066389841384939e-02	-4.173531514774213e-04	9.028792664421992e-01	2.743535903695615e-11	1.726682459661256e-10	1.955953601022169e-10	-3.294234463775493e-12	2.388529133086288e-13	-6.507807893710449e-13	6.331521893626211e-03
3.649000000000000e-01	1.175829930646112e-06	7.066389841384939e-02	-4.173531514774213e-04	9.028792664421992e-01	2.743535903695615e-11	1.726682459661256e-10	1.955953601022169e-10	-3.294234463775493e-12	2.388529133086288e-13	-6.507807893710449e-13	6.702017430841011e-03
3.827000000000000e-01	1.175829930646112e-06	7.066389841384939e-02	-4.173531514774213e-04	9.028792664421992e-01	2.743535903695615e-11	1.726682459661256e-10	1.955953601022169e-10	-3.294234463775493e-12	2.388529133086288e-13	-6.507807893710449e-13	7.079551825527145e-03
4.005000000000000e-01	1.175829930646112e-06	7.066389841384939e-02	-4.173531514774213e-04	9.028792664421992e-01	2.743535903695615e-11	1.726682459661256e-10	1.955953601022169e-10	-3.294234463775493e-12	2.388529133086288e-13	-6.507807893710449e-13	7.464060976202632e-03
4.183000000000000e-01	1.175829930646112e-06	7.066389841384939e-02	-4.173531514774213e-04	9.028792664421992e-01	2.743535903695615e-11	1.726682459661256e-10	1.955953601022169e-10	-3.294234463775493e-12	2.388529133086288e-13	-6.507807893710449e-13	7.855557814954535e-03
4.361000000000000e-01	1.175829930646112e-06	7.066389841384939e-02	-4.173531514774213e-04	9.028792664421992e-01	2.743535903695615e-11	1.726682459661256e-10	1.955953601022169e-10	-3.294234463775493e-12	2.388529133086288e-13	-6.507807893710449e-13	8.254055087552141e-03
4.539000000000000e-01	1.175829930646112e-06	7.066389841384939e-02	-4.173531514774213e-04	9.028792664421992e-01	2.743535903695615e-11	1.726682459661256e-10	1.955953601022169e-10	-3.294234463775493e-12	2.388529133086288e-13	-6.507807893710449e-13	8.659552793995448e-03
4.717000000000000e-01	1.175829930646112e-06	7.066389841384939e-02	-4.173531514774213e-04	9.028792664421992e-01	2.743535903695615e-11	1.726682459661256e-10	1.955953601022169e-10	-3.294234463775493e-12	2.388529133086288e-13	-6.507807893710449e-13	1.003911223612904e-02
4.895000000000000e-01	1.175829930646112e-06	7.066389841384939e-02	-4.173531514774213e-04	9.028792664421992e-01	2.743535903695615e-11	1.726682459661256e-10	1.955953601022169e-10	-3.294234463775493e-12	2.388529133086288e-13	-6.507807893710449e-13	1.181942446460273e-02
5.073000000000000e-01	1.175829930646112e-06	7.066389841384939e-02	-4.173531514774213e-04	9.028792664421992e-01	2.743535903695615e-11	1.726682459661256e-10	1.955953601022169e-10	-3.294234463775493e-12	2.388529133086288e-13	-6.507807893710449e-13	1.386546150630914e-02
5.251000000000000e-01	1.175829930646112e-06	7.066389841384939e-02	-4.173531514774213e-04	9.028792664421992e-01	2.743535903695615e-11	1.726682459661256e-10	1.955953601022169e-10	-3.294234463775493e-12	2.388529133086288e-13	-6.507807893710449e-13	1.607131459909243e-02
5.429000000000000e-01	1.175829930646112e-06	7.066389841384939e-02	-4.173531514774213e-04	9.028792664421992e-01	2.743535903695615e-11	1.726682459661256e-10	1.955953601022169e-10	-3.294234463775493e-12	2.388529133086288e-13	-6.507807893710449e-13	1.834910903146044e-02
5.607000000000000e-01	1.175829930646112e-06	7.066389841384939e-02	-4.173531514774213e-04	9.028792664421992e-01	2.743535903695615e-11	1.726682459661256e-10	1.955953601022169e-10	-3.294234463775493e-12	2.388529133086288e-13	-6.507807893710449e-13	2.067383082675346e-02
5.785000000000000e-01	1.175829930646112e-06	7.066389841384939e-02	-4.173531514774213e-04	9.028792664421992e-01	2.743535903695615e-11	1.726682459661256e-10	1.955953601022169e-10	-3.294234463775493e-12	2.388529133086288e-13	-6.507807893710449e-13	2.297747814212329e-02
5.963000000000001e-01	1.175829930646112e-06	7.066389841384939e-02	-4.173531514774213e-04	9.028792664421992e-01	2.743535903695615e-11	1.726682459661256e-10	1.955953601022169e-10	-3.294234463775493e-12	2.388529133086288e-13	-6.507807893710449e-13	2.525271161508274e-02
6.141000000000000e-01	1.175829930646112e-06	7.066389841384939e-02	-4.173531514774213e-04	9.028792664421992e-01	2.743535903695615e-11	1.726682459661256e-10	1.955953601022169e-10	-3.294234463775493e-12	2.388529133086288e-13	-6.507807893710449e-13	2.744628707593340e-02
6.319000000000000e-01	1.175829930646112e-06	7.066389841384939e-02	-4.173531514774213e-04	9.028792664421992e-01	2.743535903695615e-11	1.726682459661256e-10	1.955953601022169e-10	-3.294234463775493e-12	2.388529133086288e-13	-6.507807893710449e-13	2.955824032761137e-02
6.497000000000001e-01	1.175829930646112e-06	7.066389841384939e-02	-4.173531514774213e-04	9.028792664421992e-01	2.743535903695615e-11	1.726682459661256e-10	1.955953601022169e-10	-3.294234463775493e-12	2.388529133086288e-13	-6.507807893710449e-13	3.154719258759173e-02
6.675000000000000e-01	1.175829930646112e-06	7.066389841384939e-02	-4.173531514774213e-04	9.028792664421992e-01	2.743535903695615e-11	1.726682459661256e-10	1.955953601022169e-10	-3.294234463775493e-12	2.388529133086288e-13	-6.507807893710449e-13	3.342362869524235e-02
6.853000000000000e-01	1.175829930646112e-06	7.066389841384939e-02	-4.173531514774213e-04	9.028792664421992e-01	2.743535903695615e-11	1.726682459661256e-10	1.955953601022169e-10	-3.294234463775493e-12	2.388529133086288e-13	-6.507807893710449e-13	3.515058591873994e-02
7.031000000000001e-01	1.175829930646112e-06	7.066389841384939e-02	-4.173531514774213e-04	9.028792664421992e-01	2.743535903695615e-11	1.726682459661256e-10	1.955953601022169e-10	-3.294234463775493e-12	2.388529133086288e-13	-6.507807893710449e-13	3.671976588952885e-02
7.209000000000000e-01	1.175829930646112e-06	7.066389841384939e-02	-4.173531514774213e-04	9.028792664421992e-01	2.743535903695615e-11	1.726682459661256e-10	1.955953601022169e-10	-3.294234463775493e-12	2.388529133086288e-13	-6.507807893710449e-13	3.810094085995869e-02
7.387000000000000e-01	7.886429930646077e-06	6.390989321017406e-01	-6.222540889505309e-05	8.349096261739181e-01	7.234740222388868e-09	4.536771647762218e-07	4.477921635581583e-07	2.724575087904210e-10	-5.339188335799569e-08	9.848721361190857e-12	3.930090721556528e-02
7.565000000000001e-01	1.459702993064604e-05	6.930709805240038e-01	-3.361891627873937e-05	8.294344892602842e-01	8.586202487714439e-09	5.047772423967888e-07	4.988722318380080e-07	2.806746586299850e-10	-5.846249414232395e-08	1.574616785491160e-11	4.030203598754122e-02
7.743000000000000e-01	2.130762993064600e-05	7.186531527256914e-01	-2.303101418383628e-05	8.274080187532120e-01	9.606185280236160e-09	5.359106988579789e-07	5.303103566258055e-07	2.720530880811276e-10	-6.086533246076367e-08	2.685382470743253e-11	4.109522541685005e-02
7.921000000000000e-01	2.130762993064600e-05	7.186531527256914e-01	-2.303101418383628e-05	8.274080187532120e-01	9.606185280236160e-09	5.359106988579789e-07	5.303103566258055e-07	2.720530880811276e-10	-6.086533246076367e-08	2.685382470743253e-11	4.167103667679328e-02
8.099000000000001e-01	2.130762993064600e-05	7.186531527256914e-01	-2.303101418383628e-05	8.274080187532120e-01	9.606185280236160e-09	5.359106988579789e-07	5.303103566258055e-07	2.720530880811276e-10	-6.086533246076367e-08	2.685382470743253e-11	4.201980951747365e-02
8.277000000000000e-01	2.130762993064600e-05	7.186531527256914e-01	-2.303101418383628e-05	8.274080187532120e-01	9.606185280236160e-09	5.359106988579789e-07	5.303103566258055e-07	2.720530880811276e-10	-6.086533246076367e-08	2.685382470743253e-11	4.236858235815402e-02
8.455000000000000e-01	2.130762993064600e-05	7.186531527256914e-01	-2.303101418383628e-05	8.274080187532120e-01	9.606185280236160e-09	5.359106988579789e-07	5.303103566258055e-07	2.720530880811276e-10	-6.086533246076367e-08	2.685382470743253e-11	4.266626562621221e-02
8.633000000000001e-01	2.130762993064600e-05	7.186531527256914e-01	-2.303101418383628e-05	8.274080187532120e-01	9.606185280236160e-09	5.359106988579789e-07	5.303103566258055e-07	2.720530880811276e-10	-6.086533246076367e-08	2.685382470743253e-11	4.283293236710644e-02
8.811000000000000e-01	2.130762993064600e-05	7.186531527256914e-01	-2.303101418383628e-05	8.274080187532120e-01	9.606185280236160e-09	5.359106988579789e-07	5.303103566258055e-07	2.720530880811276e-10	-6.086533246076367e-08	2.685382470743253e-11	4.288036131894485e-02
8.989000000000000e-01	2.130762993064600e-05	7.186531527256914e-01	-2.303101418383628e-05	8.274080187532120e-01	9.606185280236160e-09	5.359106988579789e-07	5.303103566258055e-07	2.720530880811276e-10	-6.086533246076367e-08	2.685382470743253e-11	4.289160218441487e-02
9.167000000000000e-01	2.130762993064600e-05	7.186531527256914e-01	-2.303101418383628e-05	8.274080187532120e-01	9.606185280236160e-09	5.359106988579789e-07	5.303103566258055e-07	2.720530880811276e-10	-6.086533246076367e-08	2.685382470743253e-11	4.289705176005050e-02
9.345000000000000e-01	2.130762993064600e-05	7.186531527256914e-01	-2.303101418383628e-05	8.274080187532120e-01	9.606185280236160e-09	5.359106988579789e-07	5.303103566258055e-07	2.720530880811276e-10	-6.086533246076367e-08	2.685382470743253e-11	4.290250133568613e-02
9.523000000000000e-01	2.130762993064600e-05	7.186531527256914e-01	-2.303101418383628e-05	8.274080187532120e-01	9.606185280236160e-09	5.359106988579789e-07	5.303103566258055e-07	2.720530880811276e-10	-6.086533246076367e-08	2.685382470743253e-11	4.290795091132177e-02
9.701000000000000e-01	2.130762993064600e-05	7.186531527256914e-01	-2.303101418383628e-05	8.274080187532120e-01	9.606185280236160e-09	5.359106988579789e-07	5.303103566258055e-07	2.720530880811276e-10	-6.086533246076367e-08	2.685382470743253e-11	4.291340048695740e-02
9.879000000000000e-01	2.130762993064600e-05	7.186531527256914e-01	-2.303101418383628e-05	8.274080187532120e-01	9.606185280236160e-09	5.359106988579789e-07	5.303103566258055e-07	2.720530880811276e-10	-6.086533246076367e-08	2.685382470743253e-11	4.291885006259304e-02
1.005700000000000e+00	2.130762993064600e-05	7.186531527256914e-01	-2.303101418383628e-05	8.274080187532120e-01	9.606185280236160e-09	5.359106988579789e-07	5.303103566258055e-07	2.720530880811276e-10	-6.086533246076367e-08	2.685382470743253e-11	4.295633963822867e-02
1.023500000000000e+00	2.130762993064600e-05	7.186531527256914e-01	-2.303101418383628e-05	8.274080187532120e-01	9.606185280236160e-09	5.359106988579789e-07	5.303103566258055e-07	2.720530880811276e-10	-6.086533246076367e-08	2.685382470743253e-11	4.299382921386430e-02
1.041300000000000e+00	2.130762993064600e-05	7.186531527256914e-01	-2.303101418383628e-05	8.274080187532120e-01	9.606185280236160e-09	5.359106988579789e-07	5.303103566258055e-07	2.720530880811276e-10	-6.086533246076367e-08	2.685382470743253e-11	4.303131878949993e-02
1.059100000000000e+00	2.130762993064600e-05	7.186531527256914e-01	-2.303101418383628e-05	8.274080187532120e-01	9.606185280236160e-09	5.359106988579789e-07	5.303103566258055e-07	2.720530880811276e-10	-6.086533246076367e-08	2.685382470743253e-11	4.303676836513556e-02
1.076900000000000e+00	2.130762993064600e-05	7.186531527256914e-01	-2.303101418383628e-05	8.274080187532120e-01	9.606185280236160e-09	5.359106988579789e-07	5.303103566258055e-07	2.720530880811276e-10	-6.086533246076367e-08	2.685382470743253e-11	4.304221794077120e-02
1.094700000000000e+00	2.130762993064600e-05	7.186531527256914e-01	-2.303101418383628e-05	8.274080187532120e-01	9.606185280236160e-09	5.359106988579789e-07	5.303103566258055e-07	2.720530880811276e-10	-6.086533246076367e-08	2.685382470743253e-11	4.304766751640683e-02
1.112500000000000e+00	2.130762993064600e-05	7.186531527256914e-01	-2.303101418383628e-05	8.274080187532120e-01	9.606185280236160e-09	5.359106988579789e-07	5.303103566258055e-07	2.720530880811276e-10	-6.086533246076367e-08	2.685382470743253e-11	4.305311709204247e-02
1.130300000000000e+00	2.130762993064600e-05	7.186531527256914e-01	-2.303101418383628e-05	8.274080187532120e-01	9.606185280236160e-09	5.359106988579789e-07	5.303103566258055e-07	2.720530880811276e-10	-6.086533246076367e-08	2.685382470743253e-11	4.305856666767810e-02
1.148100000000000e+00	2.130762993064600e-05	7.186531527256914e-01	-2.303101418383628e-05	8.274080187532120e-01	9.606185280236160e-09	5.359106988579789e-07	5.303103566258055e-07	2.720530880811276e-10	-6.086533246076367e-08	2.685382470743253e-11	4.306401624331373e-02
1.165900000000000e+00	2.130762993064600e-05	7.186531527256914e-01	-2.303101418383628e-05	8.274080187532120e-01	9.606185280236160e-09	5.359106988579789e-07	5.303103566258055e-07	2.720530880811276e-10	-6.086533246076367e-08	2.685382470743253e-11	4.336098236491293e-02
1.183700000000000e+00	2.130762993064600e-05	7.186531527256914e-01	-2.303101418383628e-05	8.274080187532120e-01	9.606185280236160e-09	5.359106988579789e-07	5.303103566258055e-07	2.720530880811276e-10	-6.086533246076367e-08	2.685382470743253e-11	4.374603983753638e-02
1.201500000000000e+00	2.130762993064600e-05	7.186531527256914e-01	-2.303101418383628e-05	8.274080187532120e-01	9.606185280236160e-09	5.359106988579789e-07	5.303103566258055e-07	2.720530880811276e-10	-6.086533246076367e-08	2.685382470743253e-11	4.417925717044127e-02
1.219300000000000e+00	2.130762993064600e-05	7.186531527256914e-01	-2.303101418383628e-05	8.274080187532120e-01	9.606185280236160e-09	5.359106988579789e-07	5.303103566258055e-07	2.720530880811276e-10	-6.086533246076367e-08	2.685382470743253e-11	4.462952585912047e-02
1.237100000000000e+00	2.130762993064600e-05	7.186531527256914e-01	-2.303101418383628e-05	8.274080187532120e-01	9.606185280236160e-09	5.359106988579789e-07	5.303103566258055e-07	2.720530880811276e-10	-6.086533246076367e-08	2.685382470743253e-11	4.507317143617123e-02
1.254900000000000e+00	2.130762993064600e-05	7.186531527256914e-01	-2.303101418383628e-05	8.274080187532120e-01	9.606185280236160e-09	5.359106988579789e-07	5.303103566258055e-07	2.720530880811276e-10	-6.086533246076367e-08	2.685382470743253e-11	4.549918052892941e-02
1.272700000000000e+00	2.130762993064600e-05	7.186531527256914e-01	-2.303101418383628e-05	8.274080187532120e-01	9.606185280236160e-09	5.359106988579789e-07	5.303103566258055e-07	2.720530880811276e-10	-6.086533246076367e-08	2.685382470743253e-11	4.589351089163175e-02
1.290500000000000e+00	2.130762993064600e-05	7.186531527256914e-01	-2.303101418383628e-05	8.274080187532120e-01	9.606185280236160e-09	5.359106988579789e-07	5.303103566258055e-07	2.720530880811276e-10	-6.086533246076367e-08	2.685382470743253e-11	4.624854601087808e-02
1.308300000000000e+00	2.130762993064600e-05	7.186531527256914e-01	-2.303101418383628e-05	8.274080187532120e-01	9.606185280236160e-09	5.359106988579789e-07	5.303103566258055e-07	2.720530880811276e-10	-6.086533246076367e-08	2.685382470743253e-11	4.655974320065557e-02
1.326100000000000e+00	2.130762993064600e-05	7.186531527256914e-01	-2.303101418383628e-05	8.274080187532120e-01	9.606185280236160e-09	5.359106988579789e-07	5.303103566258055e-07	2.720530880811276e-10	-6.086533246076367e-08	2.685382470743253e-11	4.682159526922359e-02
1.343900000000000e+00	2.130762993064600e-05	7.186531527256914e-01	-2.303101418383628e-05	8.274080187532120e-01	9.606185280236160e-09	5.359106988579789e-07	5.303103566258055e-07	2.720530880811276e-10	-6.086533246076367e-08	2.685382470743253e-11	4.702799061853222e-02
1.361700000000000e+00	2.130762993064600e-05	7.186531527256914e-01	-2.303101418383628e-05	8.274080187532120e-01	9.606185280236160e-09	5.359106988579789e-07	5.303103566258055e-07	2.720530880811276e-10	-6.086533246076367e-08	2.685382470743253e-11	4.717435204958905e-02
1.379500000000000e+00	2.130762993064600e-05	7.186531527256914e-01	-2.303101418383628e-05	8.274080187532120e-01	9.606185280236160e-09	5.359106988579789e-07	5.303103566258055e-07	2.720530880811276e-10	-6.086533246076367e-08	2.685382470743253e-11	4.725649495878793e-02
1.397300000000000e+00	2.130762993064600e-05	7.186531527256914e-01	-2.303101418383628e-05	8.274080187532120e-01	9.606185280236160e-09	5.359106988579789e-07	5.303103566258055e-07	2.720530880811276e-10	-6.086533246076367e-08	2.685382470743253e-11	4.729153969537037e-02
1.415100000000000e+00	2.130762993064600e-05	7.186531527256914e-01	-2.303101418383628e-05	8.274080187532120e-01	9.606185280236160e-09	5.359106988579789e-07	5.303103566258055e-07	2.720530880811276e-10	-6.086533246076367e-08	2.685382470743253e-11	4.731396769537037e-02
