2 0.000000 20.000000 82.066944
82 58 
1 -13.540000 0.000000 -13.167000 19.999502 -0.000000 0.001398 0.000050 
2 15.399000 0.000000 -13.167000 19.999374 -0.000003 -0.002395 0.000063 
3 15.399000 0.000000 15.148467 20.000449 -0.000002 -0.004425 -0.000045 
4 -13.540000 0.000000 15.148467 20.000666 -0.000000 -0.001198 -0.000067 
5 0.929500 0.000000 0.990734 19.779945 -0.000295 -2.244510 0.009290 
6 -13.540000 0.000000 0.990734 20.000273 -0.000001 0.000800 -0.000027 
7 0.929500 0.000000 -13.167000 19.998264 -0.000001 0.001731 0.000174 
8 15.399000 0.000000 0.990734 19.999794 0.014517 -0.123554 -0.000018 
9 0.929500 0.000000 15.148467 20.001629 -0.000001 -0.005143 -0.000163 
10 -6.305250 0.000000 -6.088133 19.997915 -0.000001 0.003197 0.000208 
11 -13.540000 0.000000 -6.088133 19.999606 -0.000001 0.001146 0.000039 
12 -6.305250 0.000000 -13.167000 19.998850 -0.000001 0.002303 0.000115 
13 0.929500 0.000000 -6.088133 19.992953 -0.000006 -0.000554 0.000705 
14 -6.305250 0.000000 0.990734 20.001254 -0.000002 0.003349 -0.000125 
15 8.164250 0.000000 -6.088133 19.997590 -0.000011 -0.012010 0.000241 
16 8.164250 0.000000 -13.167000 19.998752 -0.000002 -0.000809 0.000125 
17 15.399000 0.000000 -6.088133 19.999329 -0.000013 -0.013459 0.000067 
18 8.164250 0.000000 0.990734 19.999278 0.014526 -0.125566 0.000032 
19 -6.305250 0.000000 8.069600 20.002726 -0.000001 -0.002442 -0.000273 
20 -13.540000 0.000000 8.069600 20.000765 -0.000001 -0.000220 -0.000076 
21 0.929500 0.000000 8.069600 20.006217 -0.000005 -0.013475 -0.000622 
22 -6.305250 0.000000 15.148467 20.001277 -0.000001 -0.002943 -0.000128 
23 -2.687875 0.000000 -2.548700 19.990998 -0.000005 0.008028 0.000900 
24 -6.305250 0.000000 -2.548700 19.998358 -0.000002 0.003506 0.000164 
25 -2.687875 0.000000 -6.088133 19.995183 -0.000003 0.004086 0.000482 
26 0.929500 0.000000 -2.548700 19.972038 -0.000020 -0.018940 0.002793 
27 -2.687875 0.000000 0.990734 20.006442 -0.000007 0.014271 -0.000645 
28 8.164250 0.000000 8.069600 20.001693 -0.000009 -0.014668 -0.000170 
29 15.399000 0.000000 8.069600 20.000352 -0.000011 -0.013103 -0.000036 
30 8.164250 0.000000 15.148467 20.001024 -0.000002 -0.005266 -0.000102 
31 4.546875 0.000000 -2.548700 19.991160 -0.000046 -0.050176 0.000878 
32 4.546875 0.000000 -6.088133 19.995128 -0.000009 -0.008392 0.000487 
33 8.164250 0.000000 -2.548700 19.997504 -0.000054 -0.052161 0.000243 
34 4.546875 0.000000 0.990734 19.997626 0.014550 -0.132957 0.000193 
35 -2.687875 0.000000 4.530167 20.011237 -0.000005 -0.005333 -0.001124 
36 -6.305250 0.000000 4.530167 20.003234 -0.000002 0.000285 -0.000323 
37 0.929500 0.000000 4.530167 20.022144 -0.000015 -0.038296 -0.002219 
38 -2.687875 0.000000 8.069600 20.005096 -0.000003 -0.006917 -0.000510 
39 -0.879187 0.000000 -0.778983 19.956454 -0.000017 0.025288 0.004348 
40 -2.687875 0.000000 -0.778983 19.993057 -0.000007 0.012594 0.000694 
41 -0.879187 0.000000 -2.548700 19.979390 -0.000010 0.005271 0.002060 
42 0.929500 0.000000 -0.778983 19.893048 -0.000068 -0.094914 0.010644 
43 -0.879187 0.000000 0.990734 20.035628 -0.000024 0.072194 -0.003579 
44 4.546875 0.000000 4.530167 20.005970 -0.000031 -0.047542 -0.000603 
45 8.164250 0.000000 4.530167 20.001314 -0.000037 -0.044628 -0.000136 
46 4.546875 0.000000 8.069600 20.003829 -0.000007 -0.015645 -0.000384 
47 2.738188 0.000000 -0.778983 19.969354 -0.000174 -0.164570 0.002995 
48 2.738188 0.000000 -2.548700 19.981973 -0.000035 -0.042581 0.001797 
49 4.546875 0.000000 -0.778983 19.991400 -0.000270 -0.161642 0.000795 
50 2.738188 0.000000 0.990734 19.991958 0.013157 -0.157534 0.000742 
51 -0.879187 0.000000 2.760450 20.047964 -0.000014 -0.012501 -0.004803 
52 -2.687875 0.000000 2.760450 20.014118 -0.000006 0.003210 -0.001412 
53 0.929500 0.000000 2.760450 20.072364 -0.000037 -0.104341 -0.007277 
54 -0.879187 0.000000 4.530167 20.019779 -0.000008 -0.018147 -0.001980 
55 0.025156 0.000000 0.105875 19.814018 -0.000054 0.071938 0.018499 
56 -0.879187 0.000000 0.105875 19.966873 -0.000022 0.058841 0.003301 
57 0.025156 0.000000 -0.778983 19.906578 -0.000035 -0.002370 0.009320 
58 0.929500 0.000000 0.105875 19.745648 -0.000219 -0.285139 0.025070 
59 0.025156 0.000000 0.990734 20.130768 -0.000057 0.278461 -0.013313 
60 2.738188 0.000000 2.760450 20.019063 -0.000076 -0.130421 -0.001950 
61 4.546875 0.000000 2.760450 20.004283 -0.000012 -0.122818 -0.000466 
62 2.738188 0.000000 4.530167 20.013188 -0.000024 -0.047633 -0.001325 
63 1.833844 0.000000 0.105875 19.930732 -0.000536 -0.332220 0.006639 
64 1.833844 0.000000 -0.778983 19.937870 -0.000121 -0.152865 0.006145 
65 2.738188 0.000000 0.105875 19.974239 -0.000843 -0.310197 0.002334 
66 1.833844 0.000000 0.990734 19.993923 0.008747 -0.194783 0.000513 
67 0.025156 0.000000 1.875592 20.155463 -0.000039 -0.035831 -0.015610 
68 -0.879187 0.000000 1.875592 20.064416 -0.000022 0.018587 -0.006453 
69 0.929500 0.000000 1.875592 20.150593 -0.000069 -0.226211 -0.015244 
70 0.025156 0.000000 2.760450 20.074495 -0.000024 -0.049443 -0.007469 
71 0.477328 0.000000 0.548304 19.233214 -0.000147 0.043190 0.075204 
72 0.025156 0.000000 0.548304 19.827979 -0.000090 0.231415 0.016994 
73 0.477328 0.000000 0.105875 19.688009 -0.000096 -0.076798 0.030941 
74 0.929500 0.000000 0.548304 19.627488 -0.000447 -0.635925 0.035893 
75 0.477328 0.000000 0.990734 19.991292 -0.000166 0.046153 0.000865 
76 1.833844 0.000000 1.875592 20.044599 -0.000032 -0.248589 -0.004619 
77 2.738188 0.000000 1.875592 20.013742 -0.000094 -0.229915 -0.001507 
78 1.833844 0.000000 2.760450 20.041818 -0.000055 -0.130352 -0.004229 
79 1.381672 0.000000 0.548304 19.938557 -0.001519 -0.439837 0.005651 
80 1.381672 0.000000 0.105875 19.874065 -0.000386 -0.336041 0.012272 
81 1.833844 0.000000 0.548304 19.960347 -0.002214 -0.368800 0.003621 
82 1.381672 0.000000 0.990734 19.850077 0.007399 -0.210390 0.014825 
1 1 12 10 11 
2 12 7 13 10 
3 11 10 14 6 
4 7 16 15 13 
5 16 2 17 15 
6 15 17 8 18 
7 6 14 19 20 
8 19 21 9 22 
9 20 19 22 4 
10 10 25 23 24 
11 25 13 26 23 
12 24 23 27 14 
13 18 8 29 28 
14 28 29 3 30 
15 21 28 30 9 
16 13 32 31 26 
17 32 15 33 31 
18 31 33 18 34 
19 14 27 35 36 
20 35 37 21 38 
21 36 35 38 19 
22 23 41 39 40 
23 41 26 42 39 
24 40 39 43 27 
25 34 18 45 44 
26 44 45 28 46 
27 37 44 46 21 
28 26 48 47 42 
29 48 31 49 47 
30 47 49 34 50 
31 27 43 51 52 
32 51 53 37 54 
33 52 51 54 35 
34 39 57 55 56 
35 57 42 58 55 
36 56 55 59 43 
37 50 34 61 60 
38 60 61 44 62 
39 53 60 62 37 
40 42 64 63 58 
41 64 47 65 63 
42 63 65 50 66 
43 43 59 67 68 
44 59 5 69 67 
45 67 69 53 70 
46 68 67 70 51 
47 55 73 71 72 
48 73 58 74 71 
49 71 74 5 75 
50 72 71 75 59 
51 5 66 76 69 
52 66 50 77 76 
53 76 77 60 78 
54 69 76 78 53 
55 58 80 79 74 
56 80 63 81 79 
57 79 81 66 82 
58 74 79 82 5 
