2 0.000000 20.000000 82.066944
82 58 
1 -13.540000 0.000000 -13.167000 19.239115 -0.000000 5.457507 0.000180 
2 15.399000 0.000000 -13.167000 19.240781 -0.000000 5.447123 0.000303 
3 15.399000 0.000000 15.148467 19.251067 -0.000000 5.427767 -0.000161 
4 -13.540000 0.000000 15.148467 19.244351 -0.000000 5.457049 -0.000311 
5 0.929500 0.000000 0.990734 18.845561 -0.000000 -2.138301 0.100681 
6 -13.540000 0.000000 0.990734 19.242147 -0.000000 5.460363 -0.000189 
7 0.929500 0.000000 -13.167000 19.235177 -0.000000 5.450724 0.000744 
8 15.399000 0.000000 0.990734 19.292369 0.000000 5.269742 0.000086 
9 0.929500 0.000000 15.148467 19.251054 -0.000000 5.447219 -0.000688 
10 -6.305250 0.000000 -6.088133 19.232465 -0.000000 5.459603 0.000763 
11 -13.540000 0.000000 -6.088133 19.239390 -0.000000 5.459140 0.000109 
12 -6.305250 0.000000 -13.167000 19.236689 -0.000000 5.455974 0.000455 
13 0.929500 0.000000 -6.088133 19.216904 0.000000 5.430945 0.003039 
14 -6.305250 0.000000 0.990734 19.245146 -0.000000 5.471670 -0.000787 
15 8.164250 0.000000 -6.088133 19.239897 -0.000000 5.417610 0.001190 
16 8.164250 0.000000 -13.167000 19.238084 -0.000000 5.446712 0.000574 
17 15.399000 0.000000 -6.088133 19.245150 -0.000000 5.429766 0.000355 
18 8.164250 0.000000 0.990734 19.413573 0.000001 4.822760 -0.000365 
19 -6.305250 0.000000 8.069600 19.253982 -0.000000 5.457678 -0.001255 
20 -13.540000 0.000000 8.069600 19.244568 -0.000000 5.458733 -0.000378 
21 0.929500 0.000000 8.069600 19.278886 -0.000000 5.419344 -0.002612 
22 -6.305250 0.000000 15.148467 19.247699 -0.000000 5.454743 -0.000570 
23 -2.687875 0.000000 -2.548700 19.203212 0.000000 5.467646 0.003354 
24 -6.305250 0.000000 -2.548700 19.233448 -0.000000 5.466498 0.000480 
25 -2.687875 0.000000 -6.088133 19.222378 -0.000000 5.452856 0.001916 
26 0.929500 0.000000 -2.548700 19.145171 0.000000 5.345080 0.012231 
27 -2.687875 0.000000 0.990734 19.258543 -0.000000 5.520482 -0.003418 
28 8.164250 0.000000 8.069600 19.277438 -0.000000 5.350517 -0.000619 
29 15.399000 0.000000 8.069600 19.314150 -0.000000 5.202673 -0.000261 
30 8.164250 0.000000 15.148467 19.250828 -0.000000 5.437482 -0.000401 
31 4.546875 0.000000 -2.548700 19.237632 0.000000 5.301151 0.004528 
32 4.546875 0.000000 -6.088133 19.229232 0.000000 5.415462 0.002274 
33 8.164250 0.000000 -2.548700 19.257434 0.000000 5.348714 0.001356 
34 4.546875 0.000000 0.990734 19.641518 0.000003 3.935819 -0.003200 
35 -2.687875 0.000000 4.530167 19.293115 -0.000000 5.459105 -0.005065 
36 -6.305250 0.000000 4.530167 19.255127 -0.000000 5.464589 -0.001554 
37 0.929500 0.000000 4.530167 19.375814 -0.000000 5.317315 -0.009240 
38 -2.687875 0.000000 8.069600 19.267014 -0.000000 5.448212 -0.002252 
39 -0.879187 0.000000 -0.778983 19.056970 0.000000 5.508789 0.016213 
40 -2.687875 0.000000 -0.778983 19.206378 -0.000000 5.498220 0.002212 
41 -0.879187 0.000000 -2.548700 19.161048 0.000000 5.436565 0.008245 
42 0.929500 0.000000 -0.778983 18.871365 0.000000 5.023602 0.046588 
43 -0.879187 0.000000 0.990734 19.329010 -0.000000 5.774056 -0.017376 
44 4.546875 0.000000 4.530167 19.358212 -0.000000 5.117112 -0.002313 
45 8.164250 0.000000 4.530167 19.431524 -0.000001 4.796320 -0.001472 
46 4.546875 0.000000 8.069600 19.277191 -0.000000 5.384225 -0.001500 
47 2.738188 0.000000 -0.778983 19.220418 0.000001 4.895008 0.016536 
48 2.738188 0.000000 -2.548700 19.197114 0.000000 5.289838 0.008721 
49 4.546875 0.000000 -0.778983 19.300240 0.000000 5.055351 0.004860 
50 2.738188 0.000000 0.990734 19.852529 0.000003 2.654661 -0.002925 
51 -0.879187 0.000000 2.760450 19.458554 -0.000000 5.465040 -0.021255 
52 -2.687875 0.000000 2.760450 19.299953 -0.000000 5.487774 -0.006510 
53 0.929500 0.000000 2.760450 19.671875 -0.000001 5.015967 -0.030357 
54 -0.879187 0.000000 4.530167 19.340972 -0.000000 5.420421 -0.008635 
55 0.025156 0.000000 0.105875 18.481188 0.000000 5.629463 0.066887 
56 -0.879187 0.000000 0.105875 19.066181 0.000000 5.666003 0.010943 
57 0.025156 0.000000 -0.778983 18.880461 0.000000 5.364067 0.036887 
58 0.929500 0.000000 0.105875 18.314663 0.000001 4.225882 0.116788 
59 0.025156 0.000000 0.990734 19.824334 -0.000000 6.742295 -0.096157 
60 2.738188 0.000000 2.760450 19.535879 -0.000001 4.612881 -0.007323 
61 4.546875 0.000000 2.760450 19.600407 -0.000001 4.215742 -0.004871 
62 2.738188 0.000000 4.530167 19.363223 -0.000000 5.209666 -0.005188 
63 1.833844 0.000000 0.105875 19.130493 0.000002 4.010914 0.044842 
64 1.833844 0.000000 -0.778983 19.078210 0.000001 4.860988 0.030982 
65 2.738188 0.000000 0.105875 19.372242 0.000002 4.299771 0.015571 
66 1.833844 0.000000 0.990734 19.845404 -0.000000 1.895184 0.006421 
67 0.025156 0.000000 1.875592 19.974147 -0.000001 5.414879 -0.070719 
68 -0.879187 0.000000 1.875592 19.503292 -0.000000 5.591445 -0.029107 
69 0.929500 0.000000 1.875592 20.223245 -0.000001 4.436522 -0.071656 
70 0.025156 0.000000 2.760450 19.613388 -0.000000 5.317792 -0.032410 
71 0.477328 0.000000 0.548304 16.128658 0.000001 5.346593 0.278201 
72 0.025156 0.000000 0.548304 18.471347 0.000000 6.365702 0.045718 
73 0.477328 0.000000 0.105875 18.053866 0.000001 5.017530 0.122206 
74 0.929500 0.000000 0.548304 17.853343 0.000002 2.873152 0.182508 
75 0.477328 0.000000 0.990734 19.659668 -0.000000 0.055957 0.033736 
76 1.833844 0.000000 1.875592 19.834693 -0.000002 3.836563 -0.020336 
77 2.738188 0.000000 1.875592 19.757687 -0.000002 3.577038 -0.007903 
78 1.833844 0.000000 2.760450 19.592675 -0.000001 4.766158 -0.016473 
79 1.381672 0.000000 0.548304 18.874301 0.000002 2.903133 0.088331 
80 1.381672 0.000000 0.105875 18.823495 0.000002 3.982014 0.074549 
81 1.833844 0.000000 0.548304 19.351421 0.000002 3.196950 0.038255 
82 1.381672 0.000000 0.990734 20.711143 -0.000001 1.234203 -0.076187 
1 1 12 10 11 
2 12 7 13 10 
3 11 10 14 6 
4 7 16 15 13 
5 16 2 17 15 
6 15 17 8 18 
7 6 14 19 20 
8 19 21 9 22 
9 20 19 22 4 
10 10 25 23 24 
11 25 13 26 23 
12 24 23 27 14 
13 18 8 29 28 
14 28 29 3 30 
15 21 28 30 9 
16 13 32 31 26 
17 32 15 33 31 
18 31 33 18 34 
19 14 27 35 36 
20 35 37 21 38 
21 36 35 38 19 
22 23 41 39 40 
23 41 26 42 39 
24 40 39 43 27 
25 34 18 45 44 
26 44 45 28 46 
27 37 44 46 21 
28 26 48 47 42 
29 48 31 49 47 
30 47 49 34 50 
31 27 43 51 52 
32 51 53 37 54 
33 52 51 54 35 
34 39 57 55 56 
35 57 42 58 55 
36 56 55 59 43 
37 50 34 61 60 
38 60 61 44 62 
39 53 60 62 37 
40 42 64 63 58 
41 64 47 65 63 
42 63 65 50 66 
43 43 59 67 68 
44 59 5 69 67 
45 67 69 53 70 
46 68 67 70 51 
47 55 73 71 72 
48 73 58 74 71 
49 71 74 5 75 
50 72 71 75 59 
51 5 66 76 69 
52 66 50 77 76 
53 76 77 60 78 
54 69 76 78 53 
55 58 80 79 74 
56 80 63 81 79 
57 79 81 66 82 
58 74 79 82 5 
