2 0.000000 20.000000 82.066944
82 58 
1 -13.540000 0.000000 -13.167000 19.987025 0.000000 0.699433 0.000074 
2 15.399000 0.000000 -13.167000 19.987030 0.000000 0.694274 0.000092 
3 15.399000 0.000000 15.148467 19.988719 -0.000000 0.691578 -0.000068 
4 -13.540000 0.000000 15.148467 19.988824 -0.000000 0.696817 -0.000097 
5 0.929500 0.000000 0.990734 19.721570 -0.000000 -2.237861 0.015129 
6 -13.540000 0.000000 0.990734 19.988138 0.000000 0.699167 -0.000036 
7 0.929500 0.000000 -13.167000 19.985219 0.000000 0.698959 0.000256 
8 15.399000 0.000000 0.990734 20.005684 0.000001 0.178513 -0.000648 
9 0.929500 0.000000 15.148467 19.990452 -0.000000 0.691937 -0.000242 
10 -6.305250 0.000000 -6.088133 19.984607 0.000000 0.701412 0.000309 
11 -13.540000 0.000000 -6.088133 19.987170 0.000000 0.699323 0.000060 
12 -6.305250 0.000000 -13.167000 19.986040 0.000000 0.700188 0.000170 
13 0.929500 0.000000 -6.088133 19.977554 0.000000 0.694310 0.001038 
14 -6.305250 0.000000 0.990734 19.989293 0.000000 0.702898 -0.000165 
15 8.164250 0.000000 -6.088133 19.984865 0.000000 0.680705 0.000354 
16 8.164250 0.000000 -13.167000 19.986051 0.000000 0.695865 0.000184 
17 15.399000 0.000000 -6.088133 19.987454 0.000000 0.680462 0.000097 
18 8.164250 0.000000 0.990734 20.005381 0.000001 0.167878 -0.000609 
19 -6.305250 0.000000 8.069600 19.991851 -0.000000 0.695669 -0.000395 
20 -13.540000 0.000000 8.069600 19.988913 -0.000000 0.697936 -0.000109 
21 0.929500 0.000000 8.069600 19.997715 -0.000000 0.680932 -0.000931 
22 -6.305250 0.000000 15.148467 19.989799 -0.000000 0.694882 -0.000187 
23 -2.687875 0.000000 -2.548700 19.974259 0.000000 0.707006 0.001323 
24 -6.305250 0.000000 -2.548700 19.985171 0.000000 0.702385 0.000249 
25 -2.687875 0.000000 -6.088133 19.980598 0.000000 0.701585 0.000709 
26 0.929500 0.000000 -2.548700 19.947737 0.000000 0.666407 0.004109 
27 -2.687875 0.000000 0.990734 19.995396 -0.000000 0.718849 -0.000832 
28 8.164250 0.000000 8.069600 19.991193 -0.000000 0.675688 -0.000261 
29 15.399000 0.000000 8.069600 19.989140 -0.000000 0.675839 -0.000056 
30 8.164250 0.000000 15.148467 19.989598 -0.000000 0.691052 -0.000154 
31 4.546875 0.000000 -2.548700 19.977090 0.000000 0.627743 0.001305 
32 4.546875 0.000000 -6.088133 19.981080 0.000000 0.684372 0.000720 
33 8.164250 0.000000 -2.548700 19.986524 0.000000 0.630099 0.000355 
34 4.546875 0.000000 0.990734 20.003010 -0.000001 0.183680 -0.000385 
35 -2.687875 0.000000 4.530167 20.004229 -0.000000 0.693076 -0.001624 
36 -6.305250 0.000000 4.530167 19.992383 -0.000000 0.699040 -0.000460 
37 0.929500 0.000000 4.530167 20.022967 -0.000000 0.646330 -0.003342 
38 -2.687875 0.000000 8.069600 19.995572 -0.000000 0.690337 -0.000749 
39 -0.879187 0.000000 -0.778983 19.923697 0.000000 0.728446 0.006289 
40 -2.687875 0.000000 -0.778983 19.976700 0.000000 0.714618 0.001052 
41 -0.879187 0.000000 -2.548700 19.957648 0.000000 0.700925 0.003002 
42 0.929500 0.000000 -0.778983 19.838478 0.000000 0.556523 0.015313 
43 -0.879187 0.000000 0.990734 20.030272 -0.000000 0.801652 -0.004636 
44 4.546875 0.000000 4.530167 19.999810 -0.000000 0.623713 -0.000954 
45 8.164250 0.000000 4.530167 19.992559 -0.000000 0.622276 -0.000224 
46 4.546875 0.000000 8.069600 19.994408 -0.000000 0.675946 -0.000583 
47 2.738188 0.000000 -0.778983 19.949583 0.000000 0.466452 0.004491 
48 2.738188 0.000000 -2.548700 19.962963 0.000000 0.635408 0.002691 
49 4.546875 0.000000 -0.778983 19.982431 0.000000 0.481260 0.001177 
50 2.738188 0.000000 0.990734 20.002195 -0.000001 0.142063 -0.000270 
51 -0.879187 0.000000 2.760450 20.057287 -0.000000 0.687058 -0.006917 
52 -2.687875 0.000000 2.760450 20.007510 -0.000000 0.704417 -0.001992 
53 0.929500 0.000000 2.760450 20.101697 -0.000000 0.551248 -0.010955 
54 -0.879187 0.000000 4.530167 20.017629 -0.000000 0.676596 -0.002908 
55 0.025156 0.000000 0.105875 19.720048 0.000000 0.786403 0.026253 
56 -0.879187 0.000000 0.105875 19.935207 0.000000 0.777888 0.004956 
57 0.025156 0.000000 -0.778983 19.854682 0.000000 0.685248 0.013305 
58 0.929500 0.000000 0.105875 19.629632 0.000001 0.284760 0.036491 
59 0.025156 0.000000 0.990734 20.174050 -0.000000 1.107874 -0.020549 
60 2.738188 0.000000 2.760450 20.026235 -0.000000 0.492328 -0.003231 
61 4.546875 0.000000 2.760450 20.002525 -0.000000 0.490993 -0.000855 
62 2.738188 0.000000 4.530167 20.010708 -0.000000 0.627785 -0.002056 
63 1.833844 0.000000 0.105875 19.893836 0.000001 0.200857 0.010487 
64 1.833844 0.000000 -0.778983 19.903137 0.000000 0.478589 0.009090 
65 2.738188 0.000000 0.105875 19.964479 0.000001 0.241329 0.003403 
66 1.833844 0.000000 0.990734 20.009271 -0.000001 0.062200 -0.000937 
67 0.025156 0.000000 1.875592 20.215507 -0.000000 0.659549 -0.022754 
68 -0.879187 0.000000 1.875592 20.077412 -0.000000 0.730813 -0.009091 
69 0.929500 0.000000 1.875592 20.235297 -0.000000 0.371931 -0.024014 
70 0.025156 0.000000 2.760450 20.098989 -0.000000 0.635241 -0.010932 
71 0.477328 0.000000 0.548304 18.897463 0.000000 0.723755 0.105905 
72 0.025156 0.000000 0.548304 19.731854 0.000000 1.021170 0.024028 
73 0.477328 0.000000 0.105875 19.549035 0.000000 0.574855 0.043762 
74 0.929500 0.000000 0.548304 19.459285 0.000001 -0.196606 0.053244 
75 0.477328 0.000000 0.990734 20.016311 -0.000000 0.047633 -0.001637 
76 1.833844 0.000000 1.875592 20.081970 -0.000001 0.289732 -0.008424 
77 2.738188 0.000000 1.875592 20.027082 -0.000001 0.302058 -0.002938 
78 1.833844 0.000000 2.760450 20.060244 -0.000000 0.502098 -0.006664 
79 1.381672 0.000000 0.548304 19.858953 0.000001 -0.032867 0.014052 
80 1.381672 0.000000 0.105875 19.805613 0.000001 0.201595 0.019243 
81 1.833844 0.000000 0.548304 19.937756 0.000001 0.053896 0.006207 
82 1.381672 0.000000 0.990734 20.014525 -0.000001 -0.037089 -0.001456 
1 1 12 10 11 
2 12 7 13 10 
3 11 10 14 6 
4 7 16 15 13 
5 16 2 17 15 
6 15 17 8 18 
7 6 14 19 20 
8 19 21 9 22 
9 20 19 22 4 
10 10 25 23 24 
11 25 13 26 23 
12 24 23 27 14 
13 18 8 29 28 
14 28 29 3 30 
15 21 28 30 9 
16 13 32 31 26 
17 32 15 33 31 
18 31 33 18 34 
19 14 27 35 36 
20 35 37 21 38 
21 36 35 38 19 
22 23 41 39 40 
23 41 26 42 39 
24 40 39 43 27 
25 34 18 45 44 
26 44 45 28 46 
27 37 44 46 21 
28 26 48 47 42 
29 48 31 49 47 
30 47 49 34 50 
31 27 43 51 52 
32 51 53 37 54 
33 52 51 54 35 
34 39 57 55 56 
35 57 42 58 55 
36 56 55 59 43 
37 50 34 61 60 
38 60 61 44 62 
39 53 60 62 37 
40 42 64 63 58 
41 64 47 65 63 
42 63 65 50 66 
43 43 59 67 68 
44 59 5 69 67 
45 67 69 53 70 
46 68 67 70 51 
47 55 73 71 72 
48 73 58 74 71 
49 71 74 5 75 
50 72 71 75 59 
51 5 66 76 69 
52 66 50 77 76 
53 76 77 60 78 
54 69 76 78 53 
55 58 80 79 74 
56 80 63 81 79 
57 79 81 66 82 
58 74 79 82 5 
