2 0.000000 20.000000 82.066944
82 58 
1 -13.540000 0.000000 -13.167000 19.987604 -0.000001 -0.696626 0.000026 
2 15.399000 0.000000 -13.167000 19.987398 -0.000004 -0.699019 0.000038 
3 15.399000 0.000000 15.148467 19.987948 -0.000003 -0.700845 -0.000023 
4 -13.540000 0.000000 15.148467 19.988183 -0.000000 -0.699211 -0.000041 
5 0.929500 0.000000 0.990734 19.822368 -0.000314 -2.249349 0.005035 
6 -13.540000 0.000000 0.990734 19.988070 -0.000001 -0.697535 -0.000024 
7 0.929500 0.000000 -13.167000 19.986914 -0.000002 -0.695506 0.000099 
8 15.399000 0.000000 0.990734 19.987920 0.001045 -0.689856 0.000018 
9 0.929500 0.000000 15.148467 19.988580 -0.000002 -0.702355 -0.000092 
10 -6.305250 0.000000 -6.088133 19.986836 -0.000002 -0.694968 0.000108 
11 -13.540000 0.000000 -6.088133 19.987679 -0.000001 -0.697006 0.000017 
12 -6.305250 0.000000 -13.167000 19.987270 -0.000001 -0.695571 0.000063 
13 0.929500 0.000000 -6.088133 19.983898 -0.000007 -0.695396 0.000401 
14 -6.305250 0.000000 0.990734 19.988968 -0.000003 -0.696083 -0.000108 
15 8.164250 0.000000 -6.088133 19.986130 -0.000016 -0.704472 0.000146 
16 8.164250 0.000000 -13.167000 19.987097 -0.000003 -0.697494 0.000074 
17 15.399000 0.000000 -6.088133 19.987087 -0.000019 -0.706563 0.000043 
18 8.164250 0.000000 0.990734 19.992431 0.009069 -0.547773 0.000006 
19 -6.305250 0.000000 8.069600 19.989396 -0.000002 -0.700551 -0.000167 
20 -13.540000 0.000000 8.069600 19.988300 -0.000001 -0.698357 -0.000050 
21 0.929500 0.000000 8.069600 19.990895 -0.000006 -0.708357 -0.000344 
22 -6.305250 0.000000 15.148467 19.988471 -0.000001 -0.700798 -0.000075 
23 -2.687875 0.000000 -2.548700 19.983364 -0.000007 -0.690721 0.000470 
24 -6.305250 0.000000 -2.548700 19.987205 -0.000003 -0.695272 0.000071 
25 -2.687875 0.000000 -6.088133 19.985335 -0.000004 -0.693348 0.000264 
26 0.929500 0.000000 -2.548700 19.971670 -0.000026 -0.703791 0.001593 
27 -2.687875 0.000000 0.990734 19.993613 -0.000009 -0.689918 -0.000551 
28 8.164250 0.000000 8.069600 19.988371 -0.000011 -0.706624 -0.000086 
29 15.399000 0.000000 8.069600 19.987735 -0.000012 -0.704702 -0.000015 
30 8.164250 0.000000 15.148467 19.988233 -0.000003 -0.701865 -0.000055 
31 4.546875 0.000000 -2.548700 19.981535 -0.000064 -0.726631 0.000526 
32 4.546875 0.000000 -6.088133 19.984850 -0.000012 -0.701124 0.000286 
33 8.164250 0.000000 -2.548700 19.985088 -0.000081 -0.730869 0.000155 
34 4.546875 0.000000 0.990734 19.993205 0.019528 -0.484708 0.000091 
35 -2.687875 0.000000 4.530167 19.994464 -0.000006 -0.703751 -0.000685 
36 -6.305250 0.000000 4.530167 19.989908 -0.000002 -0.698409 -0.000210 
37 0.929500 0.000000 4.530167 19.998862 -0.000018 -0.724390 -0.001198 
38 -2.687875 0.000000 8.069600 19.990573 -0.000003 -0.704282 -0.000298 
39 -0.879187 0.000000 -0.778983 19.964966 -0.000021 -0.676814 0.002355 
40 -2.687875 0.000000 -0.778983 19.985230 -0.000008 -0.689057 0.000289 
41 -0.879187 0.000000 -2.548700 19.976672 -0.000013 -0.690035 0.001141 
42 0.929500 0.000000 -0.778983 19.923881 -0.000080 -0.744386 0.006212 
43 -0.879187 0.000000 0.990734 20.018226 -0.000028 -0.656311 -0.002900 
44 4.546875 0.000000 4.530167 19.989836 -0.000038 -0.724119 -0.000295 
45 8.164250 0.000000 4.530167 19.987603 -0.000043 -0.720204 -0.000057 
46 4.546875 0.000000 8.069600 19.989481 -0.000009 -0.708299 -0.000203 
47 2.738188 0.000000 -0.778983 19.966878 -0.000230 -0.789443 0.001751 
48 2.738188 0.000000 -2.548700 19.976607 -0.000046 -0.720136 0.001041 
49 4.546875 0.000000 -0.778983 19.979198 -0.000401 -0.792412 0.000509 
50 2.738188 0.000000 0.990734 19.992673 0.020202 -0.475396 0.000166 
51 -0.879187 0.000000 2.760450 20.016281 -0.000017 -0.711951 -0.002896 
52 -2.687875 0.000000 2.760450 19.997043 -0.000008 -0.697812 -0.000922 
53 0.929500 0.000000 2.760450 20.023748 -0.000036 -0.762906 -0.003831 
54 -0.879187 0.000000 4.530167 19.998684 -0.000010 -0.713247 -0.001140 
55 0.025156 0.000000 0.105875 19.884478 -0.000062 -0.640388 0.010494 
56 -0.879187 0.000000 0.105875 19.974884 -0.000026 -0.658722 0.001425 
57 0.025156 0.000000 -0.778983 19.934375 -0.000041 -0.688721 0.005366 
58 0.929500 0.000000 0.105875 19.839806 -0.000239 -0.852508 0.014138 
59 0.025156 0.000000 0.990734 20.067783 -0.000065 -0.547482 -0.007539 
60 2.738188 0.000000 2.760450 19.994359 -0.000093 -0.764692 -0.000898 
61 4.546875 0.000000 2.760450 19.987480 0.000035 -0.756451 -0.000179 
62 2.738188 0.000000 4.530167 19.993565 -0.000029 -0.726460 -0.000676 
63 1.833844 0.000000 0.105875 19.949604 -0.000606 -0.856040 0.003201 
64 1.833844 0.000000 -0.778983 19.949509 -0.000148 -0.780670 0.003519 
65 2.738188 0.000000 0.105875 19.967693 -0.001144 -0.841379 0.001458 
66 1.833844 0.000000 0.990734 19.979337 0.008778 -0.464224 0.001526 
67 0.025156 0.000000 1.875592 20.075824 -0.000045 -0.731355 -0.008934 
68 -0.879187 0.000000 1.875592 20.029330 -0.000025 -0.692886 -0.004135 
69 0.929500 0.000000 1.875592 20.050901 -0.000080 -0.828393 -0.006812 
70 0.025156 0.000000 2.760450 20.028883 -0.000029 -0.735363 -0.004242 
71 0.477328 0.000000 0.548304 19.543565 -0.000160 -0.634812 0.044115 
72 0.025156 0.000000 0.548304 19.901388 -0.000094 -0.555079 0.009067 
73 0.477328 0.000000 0.105875 19.803584 -0.000108 -0.726295 0.018226 
74 0.929500 0.000000 0.548304 19.775402 -0.000472 -1.075065 0.019444 
75 0.477328 0.000000 0.990734 19.948432 -0.000179 0.044616 0.005145 
76 1.833844 0.000000 1.875592 19.996468 -0.000059 -0.799480 -0.001245 
77 2.738188 0.000000 1.875592 19.989915 -0.000136 -0.785502 -0.000534 
78 1.833844 0.000000 2.760450 20.005646 -0.000067 -0.769604 -0.002045 
79 1.381672 0.000000 0.548304 20.002742 -0.001579 -0.844277 -0.002056 
80 1.381672 0.000000 0.105875 19.922824 -0.000423 -0.868769 0.005816 
81 1.833844 0.000000 0.548304 19.972447 -0.002360 -0.780517 0.001230 
82 1.381672 0.000000 0.990734 19.685002 0.007387 -0.399167 0.030853 
1 1 12 10 11 
2 12 7 13 10 
3 11 10 14 6 
4 7 16 15 13 
5 16 2 17 15 
6 15 17 8 18 
7 6 14 19 20 
8 19 21 9 22 
9 20 19 22 4 
10 10 25 23 24 
11 25 13 26 23 
12 24 23 27 14 
13 18 8 29 28 
14 28 29 3 30 
15 21 28 30 9 
16 13 32 31 26 
17 32 15 33 31 
18 31 33 18 34 
19 14 27 35 36 
20 35 37 21 38 
21 36 35 38 19 
22 23 41 39 40 
23 41 26 42 39 
24 40 39 43 27 
25 34 18 45 44 
26 44 45 28 46 
27 37 44 46 21 
28 26 48 47 42 
29 48 31 49 47 
30 47 49 34 50 
31 27 43 51 52 
32 51 53 37 54 
33 52 51 54 35 
34 39 57 55 56 
35 57 42 58 55 
36 56 55 59 43 
37 50 34 61 60 
38 60 61 44 62 
39 53 60 62 37 
40 42 64 63 58 
41 64 47 65 63 
42 63 65 50 66 
43 43 59 67 68 
44 59 5 69 67 
45 67 69 53 70 
46 68 67 70 51 
47 55 73 71 72 
48 73 58 74 71 
49 71 74 5 75 
50 72 71 75 59 
51 5 66 76 69 
52 66 50 77 76 
53 76 77 60 78 
54 69 76 78 53 
55 58 80 79 74 
56 80 63 81 79 
57 79 81 66 82 
58 74 79 82 5 
