2 0.000000 20.000000 82.066944
82 58 
1 -13.540000 0.000000 -13.167000 19.987603 -0.003491 -0.696626 0.000026 
2 15.399000 0.000000 -13.167000 19.987397 -0.003491 -0.699023 0.000038 
3 15.399000 0.000000 15.148467 19.987948 -0.003492 -0.700849 -0.000023 
4 -13.540000 0.000000 15.148467 19.988184 -0.003491 -0.699210 -0.000041 
5 0.929500 0.000000 0.990734 19.822355 -0.003517 -2.249348 0.005037 
6 -13.540000 0.000000 0.990734 19.988070 -0.003491 -0.697534 -0.000024 
7 0.929500 0.000000 -13.167000 19.986912 -0.003491 -0.695508 0.000099 
8 15.399000 0.000000 0.990734 19.987866 -0.002009 -0.691404 0.000018 
9 0.929500 0.000000 15.148467 19.988581 -0.003491 -0.702357 -0.000092 
10 -6.305250 0.000000 -6.088133 19.986834 -0.003491 -0.694967 0.000109 
11 -13.540000 0.000000 -6.088133 19.987678 -0.003491 -0.697005 0.000017 
12 -6.305250 0.000000 -13.167000 19.987268 -0.003491 -0.695571 0.000063 
13 0.929500 0.000000 -6.088133 19.983890 -0.003493 -0.695401 0.000401 
14 -6.305250 0.000000 0.990734 19.988968 -0.003491 -0.696080 -0.000108 
15 8.164250 0.000000 -6.088133 19.986126 -0.003493 -0.704488 0.000146 
16 8.164250 0.000000 -13.167000 19.987095 -0.003491 -0.697497 0.000074 
17 15.399000 0.000000 -6.088133 19.987086 -0.003490 -0.706581 0.000043 
18 8.164250 0.000000 0.990734 19.992362 -0.001662 -0.549750 0.000008 
19 -6.305250 0.000000 8.069600 19.989397 -0.003491 -0.700550 -0.000167 
20 -13.540000 0.000000 8.069600 19.988301 -0.003491 -0.698357 -0.000050 
21 0.929500 0.000000 8.069600 19.990902 -0.003492 -0.708362 -0.000345 
22 -6.305250 0.000000 15.148467 19.988472 -0.003491 -0.700798 -0.000075 
23 -2.687875 0.000000 -2.548700 19.983358 -0.003492 -0.690718 0.000471 
24 -6.305250 0.000000 -2.548700 19.987203 -0.003491 -0.695270 0.000071 
25 -2.687875 0.000000 -6.088133 19.985330 -0.003491 -0.693348 0.000265 
26 0.929500 0.000000 -2.548700 19.971644 -0.003484 -0.703800 0.001595 
27 -2.687875 0.000000 0.990734 19.993613 -0.003492 -0.689910 -0.000551 
28 8.164250 0.000000 8.069600 19.988373 -0.003494 -0.706638 -0.000086 
29 15.399000 0.000000 8.069600 19.987736 -0.003495 -0.704715 -0.000016 
30 8.164250 0.000000 15.148467 19.988234 -0.003491 -0.701868 -0.000055 
31 4.546875 0.000000 -2.548700 19.981514 -0.003510 -0.726692 0.000527 
32 4.546875 0.000000 -6.088133 19.984843 -0.003494 -0.701136 0.000286 
33 8.164250 0.000000 -2.548700 19.985081 -0.003503 -0.730941 0.000156 
34 4.546875 0.000000 0.990734 19.993108 -0.001452 -0.487634 0.000095 
35 -2.687875 0.000000 4.530167 19.994470 -0.003490 -0.703748 -0.000685 
36 -6.305250 0.000000 4.530167 19.989909 -0.003491 -0.698407 -0.000211 
37 0.929500 0.000000 4.530167 19.998884 -0.003494 -0.724398 -0.001200 
38 -2.687875 0.000000 8.069600 19.990576 -0.003491 -0.704282 -0.000298 
39 -0.879187 0.000000 -0.778983 19.964952 -0.003499 -0.676804 0.002357 
40 -2.687875 0.000000 -0.778983 19.985225 -0.003493 -0.689051 0.000290 
41 -0.879187 0.000000 -2.548700 19.976660 -0.003498 -0.690034 0.001142 
42 0.929500 0.000000 -0.778983 19.923833 -0.003592 -0.744384 0.006217 
43 -0.879187 0.000000 0.990734 20.018227 -0.003493 -0.656293 -0.002900 
44 4.546875 0.000000 4.530167 19.989853 -0.003494 -0.724171 -0.000297 
45 8.164250 0.000000 4.530167 19.987606 -0.003500 -0.720257 -0.000058 
46 4.546875 0.000000 8.069600 19.989487 -0.003493 -0.708310 -0.000203 
47 2.738188 0.000000 -0.778983 19.966749 -0.003631 -0.789585 0.001764 
48 2.738188 0.000000 -2.548700 19.976575 -0.003493 -0.720174 0.001045 
49 4.546875 0.000000 -0.778983 19.979143 -0.003627 -0.792684 0.000514 
50 2.738188 0.000000 0.990734 19.998192 -0.001102 -0.474952 -0.000383 
51 -0.879187 0.000000 2.760450 20.016294 -0.003498 -0.711942 -0.002897 
52 -2.687875 0.000000 2.760450 19.997047 -0.003490 -0.697807 -0.000922 
53 0.929500 0.000000 2.760450 20.023789 -0.003455 -0.762903 -0.003835 
54 -0.879187 0.000000 4.530167 19.998695 -0.003490 -0.713245 -0.001141 
55 0.025156 0.000000 0.105875 19.884440 -0.003591 -0.640274 0.010498 
56 -0.879187 0.000000 0.105875 19.974875 -0.003509 -0.658706 0.001426 
57 0.025156 0.000000 -0.778983 19.934348 -0.003541 -0.688711 0.005369 
58 0.929500 0.000000 0.105875 19.839750 -0.003903 -0.852488 0.014144 
59 0.025156 0.000000 0.990734 20.067787 -0.003477 -0.547445 -0.007539 
60 2.738188 0.000000 2.760450 19.994463 -0.003463 -0.764804 -0.000909 
61 4.546875 0.000000 2.760450 19.987532 -0.003483 -0.756657 -0.000185 
62 2.738188 0.000000 4.530167 19.993593 -0.003489 -0.726493 -0.000679 
63 1.833844 0.000000 0.105875 19.949419 -0.004045 -0.856033 0.003220 
64 1.833844 0.000000 -0.778983 19.949415 -0.003622 -0.780703 0.003528 
65 2.738188 0.000000 0.105875 19.967188 -0.004096 -0.841933 0.001506 
66 1.833844 0.000000 0.990734 19.979336 -0.001518 -0.464067 0.001527 
67 0.025156 0.000000 1.875592 20.075864 -0.003445 -0.731246 -0.008938 
68 -0.879187 0.000000 1.875592 20.029339 -0.003486 -0.692871 -0.004136 
69 0.929500 0.000000 1.875592 20.050950 -0.003326 -0.828371 -0.006817 
70 0.025156 0.000000 2.760450 20.028908 -0.003471 -0.735355 -0.004245 
71 0.477328 0.000000 0.548304 19.543518 -0.003902 -0.634781 0.044120 
72 0.025156 0.000000 0.548304 19.901370 -0.003592 -0.555020 0.009069 
73 0.477328 0.000000 0.105875 19.803546 -0.003734 -0.726275 0.018230 
74 0.929500 0.000000 0.548304 19.775353 -0.004328 -1.075043 0.019449 
75 0.477328 0.000000 0.990734 19.948429 -0.003524 0.044617 0.005145 
76 1.833844 0.000000 1.875592 19.996624 -0.003278 -0.799474 -0.001260 
77 2.738188 0.000000 1.875592 19.990277 -0.003303 -0.785882 -0.000572 
78 1.833844 0.000000 2.760450 20.005725 -0.003454 -0.769631 -0.002053 
79 1.381672 0.000000 0.548304 20.002665 -0.004520 -0.844239 -0.002048 
80 1.381672 0.000000 0.105875 19.922731 -0.003998 -0.868747 0.005825 
81 1.833844 0.000000 0.548304 19.972266 -0.004561 -0.780418 0.001249 
82 1.381672 0.000000 0.990734 19.685041 -0.001566 -0.399163 0.030850 
1 1 12 10 11 
2 12 7 13 10 
3 11 10 14 6 
4 7 16 15 13 
5 16 2 17 15 
6 15 17 8 18 
7 6 14 19 20 
8 19 21 9 22 
9 20 19 22 4 
10 10 25 23 24 
11 25 13 26 23 
12 24 23 27 14 
13 18 8 29 28 
14 28 29 3 30 
15 21 28 30 9 
16 13 32 31 26 
17 32 15 33 31 
18 31 33 18 34 
19 14 27 35 36 
20 35 37 21 38 
21 36 35 38 19 
22 23 41 39 40 
23 41 26 42 39 
24 40 39 43 27 
25 34 18 45 44 
26 44 45 28 46 
27 37 44 46 21 
28 26 48 47 42 
29 48 31 49 47 
30 47 49 34 50 
31 27 43 51 52 
32 51 53 37 54 
33 52 51 54 35 
34 39 57 55 56 
35 57 42 58 55 
36 56 55 59 43 
37 50 34 61 60 
38 60 61 44 62 
39 53 60 62 37 
40 42 64 63 58 
41 64 47 65 63 
42 63 65 50 66 
43 43 59 67 68 
44 59 5 69 67 
45 67 69 53 70 
46 68 67 70 51 
47 55 73 71 72 
48 73 58 74 71 
49 71 74 5 75 
50 72 71 75 59 
51 5 66 76 69 
52 66 50 77 76 
53 76 77 60 78 
54 69 76 78 53 
55 58 80 79 74 
56 80 63 81 79 
57 79 81 66 82 
58 74 79 82 5 
