2 0.000000 20.000000 82.066944
82 58 
1 -13.540000 0.000000 -13.167000 19.987044 -0.000000 0.699427 0.000072 
2 15.399000 0.000000 -13.167000 19.987050 -0.000001 0.694386 0.000089 
3 15.399000 0.000000 15.148467 19.988688 -0.000005 0.691739 -0.000065 
4 -13.540000 0.000000 15.148467 19.988801 -0.000001 0.696814 -0.000094 
5 0.929500 0.000000 0.990734 19.719261 -0.000048 -2.237599 0.015360 
6 -13.540000 0.000000 0.990734 19.988133 -0.000001 0.699140 -0.000036 
7 0.929500 0.000000 -13.167000 19.985280 -0.000001 0.699007 0.000250 
8 15.399000 0.000000 0.990734 20.005969 0.002100 0.170280 -0.000669 
9 0.929500 0.000000 15.148467 19.990379 -0.000003 0.692005 -0.000235 
10 -6.305250 0.000000 -6.088133 19.984670 -0.000001 0.701383 0.000303 
11 -13.540000 0.000000 -6.088133 19.987186 -0.000001 0.699304 0.000058 
12 -6.305250 0.000000 -13.167000 19.986080 -0.000001 0.700193 0.000166 
13 0.929500 0.000000 -6.088133 19.977773 0.000002 0.694444 0.001016 
14 -6.305250 0.000000 0.990734 19.989264 -0.000003 0.702798 -0.000161 
15 8.164250 0.000000 -6.088133 19.984946 0.000003 0.681071 0.000345 
16 8.164250 0.000000 -13.167000 19.986096 -0.000001 0.695963 0.000179 
17 15.399000 0.000000 -6.088133 19.987464 0.000002 0.680808 0.000094 
18 8.164250 0.000000 0.990734 20.005422 0.002114 0.165358 -0.000611 
19 -6.305250 0.000000 8.069600 19.991764 -0.000003 0.695656 -0.000386 
20 -13.540000 0.000000 8.069600 19.988890 -0.000001 0.697919 -0.000107 
21 0.929500 0.000000 8.069600 19.997426 -0.000013 0.681181 -0.000903 
22 -6.305250 0.000000 15.148467 19.989752 -0.000001 0.694894 -0.000183 
23 -2.687875 0.000000 -2.548700 19.974445 0.000000 0.706877 0.001305 
24 -6.305250 0.000000 -2.548700 19.985218 -0.000001 0.702311 0.000245 
25 -2.687875 0.000000 -6.088133 19.980735 -0.000000 0.701584 0.000695 
26 0.929500 0.000000 -2.548700 19.948414 0.000070 0.666579 0.004041 
27 -2.687875 0.000000 0.990734 19.995246 -0.000010 0.718507 -0.000815 
28 8.164250 0.000000 8.069600 19.991053 -0.000027 0.676344 -0.000249 
29 15.399000 0.000000 8.069600 19.989087 -0.000032 0.676564 -0.000053 
30 8.164250 0.000000 15.148467 19.989541 -0.000004 0.691186 -0.000149 
31 4.546875 0.000000 -2.548700 19.977405 0.000078 0.628490 0.001271 
32 4.546875 0.000000 -6.088133 19.981254 0.000004 0.684681 0.000702 
33 8.164250 0.000000 -2.548700 19.986583 0.000069 0.630805 0.000346 
34 4.546875 0.000000 0.990734 20.002299 -0.000808 0.183664 -0.000314 
35 -2.687875 0.000000 4.530167 20.003906 -0.000011 0.693032 -0.001591 
36 -6.305250 0.000000 4.530167 19.992292 -0.000003 0.698981 -0.000451 
37 0.929500 0.000000 4.530167 20.021928 -0.000076 0.647094 -0.003241 
38 -2.687875 0.000000 8.069600 19.995390 -0.000006 0.690381 -0.000731 
39 -0.879187 0.000000 -0.778983 19.924209 0.000033 0.727891 0.006240 
40 -2.687875 0.000000 -0.778983 19.976806 -0.000001 0.714345 0.001042 
41 -0.879187 0.000000 -2.548700 19.958041 0.000011 0.700839 0.002964 
42 0.929500 0.000000 -0.778983 19.839647 0.000215 0.556546 0.015197 
43 -0.879187 0.000000 0.990734 20.029652 -0.000042 0.800403 -0.004569 
44 4.546875 0.000000 4.530167 19.999148 -0.000131 0.626088 -0.000895 
45 8.164250 0.000000 4.530167 19.992321 -0.000156 0.624979 -0.000209 
46 4.546875 0.000000 8.069600 19.994160 -0.000022 0.676471 -0.000560 
47 2.738188 0.000000 -0.778983 19.950296 0.000542 0.466095 0.004421 
48 2.738188 0.000000 -2.548700 19.963597 0.000094 0.636003 0.002626 
49 4.546875 0.000000 -0.778983 19.982708 0.000621 0.480445 0.001151 
50 2.738188 0.000000 0.990734 19.996341 -0.000770 0.148663 0.000311 
51 -0.879187 0.000000 2.760450 20.056167 -0.000088 0.686864 -0.006804 
52 -2.687875 0.000000 2.760450 20.007173 -0.000013 0.704224 -0.001957 
53 0.929500 0.000000 2.760450 20.098857 -0.000212 0.552834 -0.010674 
54 -0.879187 0.000000 4.530167 20.016987 -0.000027 0.676734 -0.002844 
55 0.025156 0.000000 0.105875 19.721429 0.000143 0.785095 0.026122 
56 -0.879187 0.000000 0.105875 19.935464 0.000010 0.776856 0.004934 
57 0.025156 0.000000 -0.778983 19.855484 -0.000478 0.684670 0.013227 
58 0.929500 0.000000 0.105875 19.631314 0.000599 0.285610 0.036325 
59 0.025156 0.000000 0.990734 20.171803 -0.000088 1.104208 -0.020302 
60 2.738188 0.000000 2.760450 20.023416 -0.000453 0.497805 -0.002963 
61 4.546875 0.000000 2.760450 20.001352 -0.000590 0.498037 -0.000755 
62 2.738188 0.000000 4.530167 20.009666 -0.000106 0.629529 -0.001958 
63 1.833844 0.000000 0.105875 19.893254 0.001131 0.200259 0.010546 
64 1.833844 0.000000 -0.778983 19.904107 0.000384 0.478589 0.008994 
65 2.738188 0.000000 0.105875 19.963886 0.001720 0.237054 0.003468 
66 1.833844 0.000000 0.990734 20.002665 -0.000841 0.074977 -0.000281 
67 0.025156 0.000000 1.875592 20.212607 -0.000177 0.659252 -0.022460 
68 -0.879187 0.000000 1.875592 20.076212 -0.000082 0.730136 -0.008968 
69 0.929500 0.000000 1.875592 20.229943 -0.000494 0.374372 -0.023477 
70 0.025156 0.000000 2.760450 20.096999 -0.000144 0.635513 -0.010733 
71 0.477328 0.000000 0.548304 18.903293 0.000402 0.722307 0.105359 
72 0.025156 0.000000 0.548304 19.732890 0.000096 1.018203 0.023941 
73 0.477328 0.000000 0.105875 19.551293 0.000340 0.574463 0.043542 
74 0.929500 0.000000 0.548304 19.461629 0.000841 -0.193305 0.053019 
75 0.477328 0.000000 0.990734 20.014033 -0.000045 0.047627 -0.001410 
76 1.833844 0.000000 1.875592 20.075761 -0.000830 0.296016 -0.007810 
77 2.738188 0.000000 1.875592 20.022382 -0.001137 0.311220 -0.002482 
78 1.833844 0.000000 2.760450 20.056929 -0.000337 0.505640 -0.006340 
79 1.381672 0.000000 0.548304 19.858573 0.001037 -0.028416 0.014091 
80 1.381672 0.000000 0.105875 19.805975 0.000842 0.202364 0.019206 
81 1.833844 0.000000 0.548304 19.934583 0.001305 0.055989 0.006523 
82 1.381672 0.000000 0.990734 20.002326 -0.000844 -0.020297 -0.000234 
1 1 12 10 11 
2 12 7 13 10 
3 11 10 14 6 
4 7 16 15 13 
5 16 2 17 15 
6 15 17 8 18 
7 6 14 19 20 
8 19 21 9 22 
9 20 19 22 4 
10 10 25 23 24 
11 25 13 26 23 
12 24 23 27 14 
13 18 8 29 28 
14 28 29 3 30 
15 21 28 30 9 
16 13 32 31 26 
17 32 15 33 31 
18 31 33 18 34 
19 14 27 35 36 
20 35 37 21 38 
21 36 35 38 19 
22 23 41 39 40 
23 41 26 42 39 
24 40 39 43 27 
25 34 18 45 44 
26 44 45 28 46 
27 37 44 46 21 
28 26 48 47 42 
29 48 31 49 47 
30 47 49 34 50 
31 27 43 51 52 
32 51 53 37 54 
33 52 51 54 35 
34 39 57 55 56 
35 57 42 58 55 
36 56 55 59 43 
37 50 34 61 60 
38 60 61 44 62 
39 53 60 62 37 
40 42 64 63 58 
41 64 47 65 63 
42 63 65 50 66 
43 43 59 67 68 
44 59 5 69 67 
45 67 69 53 70 
46 68 67 70 51 
47 55 73 71 72 
48 73 58 74 71 
49 71 74 5 75 
50 72 71 75 59 
51 5 66 76 69 
52 66 50 77 76 
53 76 77 60 78 
54 69 76 78 53 
55 58 80 79 74 
56 80 63 81 79 
57 79 81 66 82 
58 74 79 82 5 
