2 0.000000 20.000000 82.066944
82 58 
1 -13.540000 0.000000 -13.167000 19.999500 0.000000 0.004889 0.000050 
2 15.399000 0.000000 -13.167000 19.999373 0.000000 0.001090 0.000063 
3 15.399000 0.000000 15.148467 20.000450 -0.000000 -0.000942 -0.000045 
4 -13.540000 0.000000 15.148467 20.000667 -0.000000 0.002293 -0.000067 
5 0.929500 0.000000 0.990734 19.779687 -0.000000 -2.244480 0.009316 
6 -13.540000 0.000000 0.990734 20.000273 -0.000000 0.004293 -0.000027 
7 0.929500 0.000000 -13.167000 19.998260 0.000000 0.005218 0.000174 
8 15.399000 0.000000 0.990734 19.999817 -0.000001 -0.127029 -0.000022 
9 0.929500 0.000000 15.148467 20.001633 -0.000000 -0.001656 -0.000163 
10 -6.305250 0.000000 -6.088133 19.997910 0.000000 0.006688 0.000209 
11 -13.540000 0.000000 -6.088133 19.999605 -0.000000 0.004637 0.000039 
12 -6.305250 0.000000 -13.167000 19.998847 0.000000 0.005793 0.000115 
13 0.929500 0.000000 -6.088133 19.992939 0.000000 0.002922 0.000706 
14 -6.305250 0.000000 0.990734 20.001254 -0.000000 0.006847 -0.000126 
15 8.164250 0.000000 -6.088133 19.997587 0.000000 -0.008543 0.000241 
16 8.164250 0.000000 -13.167000 19.998749 0.000000 0.002676 0.000125 
17 15.399000 0.000000 -6.088133 19.999330 0.000000 -0.009988 0.000067 
18 8.164250 0.000000 0.990734 19.999299 -0.000001 -0.129041 0.000028 
19 -6.305250 0.000000 8.069600 20.002731 -0.000000 0.001050 -0.000273 
20 -13.540000 0.000000 8.069600 20.000766 -0.000000 0.003272 -0.000077 
21 0.929500 0.000000 8.069600 20.006232 -0.000000 -0.009999 -0.000624 
22 -6.305250 0.000000 15.148467 20.001279 -0.000000 0.000547 -0.000128 
23 -2.687875 0.000000 -2.548700 19.990977 0.000000 0.011522 0.000902 
24 -6.305250 0.000000 -2.548700 19.998353 0.000000 0.007000 0.000165 
25 -2.687875 0.000000 -6.088133 19.995172 0.000000 0.007574 0.000483 
26 0.929500 0.000000 -2.548700 19.971984 0.000000 -0.015512 0.002799 
27 -2.687875 0.000000 0.990734 20.006446 -0.000000 0.017791 -0.000646 
28 8.164250 0.000000 8.069600 20.001699 -0.000000 -0.011207 -0.000170 
29 15.399000 0.000000 8.069600 20.000355 -0.000000 -0.009646 -0.000036 
30 8.164250 0.000000 15.148467 20.001027 -0.000000 -0.001782 -0.000103 
31 4.546875 0.000000 -2.548700 19.991152 0.000000 -0.046778 0.000879 
32 4.546875 0.000000 -6.088133 19.995120 0.000000 -0.004925 0.000488 
33 8.164250 0.000000 -2.548700 19.997508 0.000000 -0.048745 0.000243 
34 4.546875 0.000000 0.990734 19.997643 -0.000001 -0.136439 0.000189 
35 -2.687875 0.000000 4.530167 20.011259 -0.000000 -0.001840 -0.001126 
36 -6.305250 0.000000 4.530167 20.003239 -0.000000 0.003779 -0.000324 
37 0.929500 0.000000 4.530167 20.022197 -0.000000 -0.034864 -0.002224 
38 -2.687875 0.000000 8.069600 20.005107 -0.000000 -0.003430 -0.000511 
39 -0.879187 0.000000 -0.778983 19.956354 0.000000 0.028798 0.004358 
40 -2.687875 0.000000 -0.778983 19.993036 0.000000 0.016102 0.000696 
41 -0.879187 0.000000 -2.548700 19.979345 0.000000 0.008749 0.002064 
42 0.929500 0.000000 -0.778983 19.892843 0.000000 -0.091665 0.010666 
43 -0.879187 0.000000 0.990734 20.035656 -0.000000 0.075835 -0.003583 
44 4.546875 0.000000 4.530167 20.005990 -0.000000 -0.044155 -0.000604 
45 8.164250 0.000000 4.530167 20.001324 -0.000000 -0.041252 -0.000137 
46 4.546875 0.000000 8.069600 20.003839 -0.000000 -0.012181 -0.000384 
47 2.738188 0.000000 -0.778983 19.969333 0.000000 -0.161414 0.002999 
48 2.738188 0.000000 -2.548700 19.981946 0.000000 -0.039184 0.001801 
49 4.546875 0.000000 -0.778983 19.991419 0.000000 -0.158420 0.000795 
50 2.738188 0.000000 0.990734 19.990233 -0.000001 -0.159320 0.000913 
51 -0.879187 0.000000 2.760450 20.048061 -0.000000 -0.009005 -0.004812 
52 -2.687875 0.000000 2.760450 20.014142 -0.000000 0.006715 -0.001415 
53 0.929500 0.000000 2.760450 20.072545 -0.000000 -0.101053 -0.007293 
54 -0.879187 0.000000 4.530167 20.019822 -0.000000 -0.014672 -0.001984 
55 0.025156 0.000000 0.105875 19.813611 0.000000 0.075498 0.018538 
56 -0.879187 0.000000 0.105875 19.966775 0.000000 0.062428 0.003310 
57 0.025156 0.000000 -0.778983 19.906385 0.000000 0.001062 0.009340 
58 0.929500 0.000000 0.105875 19.745127 0.000000 -0.282307 0.025126 
59 0.025156 0.000000 0.990734 20.131029 -0.000000 0.282591 -0.013345 
60 2.738188 0.000000 2.760450 20.019115 -0.000000 -0.127242 -0.001953 
61 4.546875 0.000000 2.760450 20.004305 -0.000000 -0.119611 -0.000466 
62 2.738188 0.000000 4.530167 20.013223 -0.000000 -0.044236 -0.001328 
63 1.833844 0.000000 0.105875 19.930615 0.000001 -0.329603 0.006655 
64 1.833844 0.000000 -0.778983 19.937771 0.000000 -0.149717 0.006157 
65 2.738188 0.000000 0.105875 19.974313 0.000001 -0.307443 0.002331 
66 1.833844 0.000000 0.990734 19.993939 -0.000001 -0.193508 0.000512 
67 0.025156 0.000000 1.875592 20.155802 -0.000000 -0.032358 -0.015644 
68 -0.879187 0.000000 1.875592 20.064532 -0.000000 0.022142 -0.006465 
69 0.929500 0.000000 1.875592 20.151035 -0.000000 -0.223212 -0.015285 
70 0.025156 0.000000 2.760450 20.074661 -0.000000 -0.046016 -0.007485 
71 0.477328 0.000000 0.548304 19.231600 0.000000 0.046575 0.075358 
72 0.025156 0.000000 0.548304 19.827555 0.000000 0.235350 0.017032 
73 0.477328 0.000000 0.105875 19.687376 0.000000 -0.073553 0.031005 
74 0.929500 0.000000 0.548304 19.626696 0.000001 -0.633743 0.035978 
75 0.477328 0.000000 0.990734 19.991455 -0.000000 0.046161 0.000849 
76 1.833844 0.000000 1.875592 20.044762 -0.000000 -0.245853 -0.004632 
77 2.738188 0.000000 1.875592 20.013741 -0.000001 -0.227063 -0.001503 
78 1.833844 0.000000 2.760450 20.041932 -0.000000 -0.127159 -0.004238 
79 1.381672 0.000000 0.548304 19.938193 0.000001 -0.437837 0.005692 
80 1.381672 0.000000 0.105875 19.873781 0.000001 -0.333382 0.012304 
81 1.833844 0.000000 0.548304 19.960261 0.000001 -0.366772 0.003634 
82 1.381672 0.000000 0.990734 19.850877 -0.000000 -0.209510 0.014747 
1 1 12 10 11 
2 12 7 13 10 
3 11 10 14 6 
4 7 16 15 13 
5 16 2 17 15 
6 15 17 8 18 
7 6 14 19 20 
8 19 21 9 22 
9 20 19 22 4 
10 10 25 23 24 
11 25 13 26 23 
12 24 23 27 14 
13 18 8 29 28 
14 28 29 3 30 
15 21 28 30 9 
16 13 32 31 26 
17 32 15 33 31 
18 31 33 18 34 
19 14 27 35 36 
20 35 37 21 38 
21 36 35 38 19 
22 23 41 39 40 
23 41 26 42 39 
24 40 39 43 27 
25 34 18 45 44 
26 44 45 28 46 
27 37 44 46 21 
28 26 48 47 42 
29 48 31 49 47 
30 47 49 34 50 
31 27 43 51 52 
32 51 53 37 54 
33 52 51 54 35 
34 39 57 55 56 
35 57 42 58 55 
36 56 55 59 43 
37 50 34 61 60 
38 60 61 44 62 
39 53 60 62 37 
40 42 64 63 58 
41 64 47 65 63 
42 63 65 50 66 
43 43 59 67 68 
44 59 5 69 67 
45 67 69 53 70 
46 68 67 70 51 
47 55 73 71 72 
48 73 58 74 71 
49 71 74 5 75 
50 72 71 75 59 
51 5 66 76 69 
52 66 50 77 76 
53 76 77 60 78 
54 69 76 78 53 
55 58 80 79 74 
56 80 63 81 79 
57 79 81 66 82 
58 74 79 82 5 
