2 0.000000 20.000000 82.066944
82 58 
1 -13.540000 0.000000 -13.167000 19.986921 0.000000 0.702916 0.000072 
2 15.399000 0.000000 -13.167000 19.986927 0.000000 0.697869 0.000089 
3 15.399000 0.000000 15.148467 19.988568 -0.000000 0.695220 -0.000065 
4 -13.540000 0.000000 15.148467 19.988681 -0.000000 0.700302 -0.000094 
5 0.929500 0.000000 0.990734 19.718807 -0.000000 -2.237547 0.015405 
6 -13.540000 0.000000 0.990734 19.988011 -0.000000 0.702630 -0.000036 
7 0.929500 0.000000 -13.167000 19.985154 0.000000 0.702493 0.000250 
8 15.399000 0.000000 0.990734 20.005977 0.000001 0.172655 -0.000672 
9 0.929500 0.000000 15.148467 19.990261 -0.000000 0.695490 -0.000236 
10 -6.305250 0.000000 -6.088133 19.984544 0.000000 0.704872 0.000303 
11 -13.540000 0.000000 -6.088133 19.987063 0.000000 0.702793 0.000059 
12 -6.305250 0.000000 -13.167000 19.985955 0.000000 0.703681 0.000166 
13 0.929500 0.000000 -6.088133 19.977637 0.000000 0.697918 0.001017 
14 -6.305250 0.000000 0.990734 19.989142 -0.000000 0.706293 -0.000162 
15 8.164250 0.000000 -6.088133 19.984823 0.000000 0.684536 0.000346 
16 8.164250 0.000000 -13.167000 19.985972 0.000000 0.699447 0.000179 
17 15.399000 0.000000 -6.088133 19.987344 0.000000 0.684280 0.000095 
18 8.164250 0.000000 0.990734 20.005452 0.000001 0.167066 -0.000615 
19 -6.305250 0.000000 8.069600 19.991647 -0.000000 0.699145 -0.000387 
20 -13.540000 0.000000 8.069600 19.988769 -0.000000 0.701409 -0.000107 
21 0.929500 0.000000 8.069600 19.997318 -0.000000 0.684657 -0.000904 
22 -6.305250 0.000000 15.148467 19.989632 -0.000000 0.698382 -0.000183 
23 -2.687875 0.000000 -2.548700 19.974302 0.000000 0.710367 0.001307 
24 -6.305250 0.000000 -2.548700 19.985091 0.000000 0.705803 0.000245 
25 -2.687875 0.000000 -6.088133 19.980602 0.000000 0.705070 0.000696 
26 0.929500 0.000000 -2.548700 19.948236 0.000000 0.669998 0.004047 
27 -2.687875 0.000000 0.990734 19.995124 -0.000000 0.722023 -0.000816 
28 8.164250 0.000000 8.069600 19.990938 -0.000000 0.679805 -0.000249 
29 15.399000 0.000000 8.069600 19.988971 -0.000000 0.680015 -0.000053 
30 8.164250 0.000000 15.148467 19.989422 -0.000000 0.694668 -0.000149 
31 4.546875 0.000000 -2.548700 19.977276 0.000000 0.631872 0.001273 
32 4.546875 0.000000 -6.088133 19.981124 0.000000 0.688146 0.000703 
33 8.164250 0.000000 -2.548700 19.986470 0.000000 0.634211 0.000347 
34 4.546875 0.000000 0.990734 20.002395 -0.000001 0.185794 -0.000326 
35 -2.687875 0.000000 4.530167 20.003803 -0.000000 0.696523 -0.001593 
36 -6.305250 0.000000 4.530167 19.992175 -0.000000 0.702473 -0.000451 
37 0.929500 0.000000 4.530167 20.021851 -0.000000 0.650539 -0.003244 
38 -2.687875 0.000000 8.069600 19.995278 -0.000000 0.693867 -0.000731 
39 -0.879187 0.000000 -0.778983 19.923982 0.000000 0.731384 0.006250 
40 -2.687875 0.000000 -0.778983 19.976662 0.000000 0.717848 0.001044 
41 -0.879187 0.000000 -2.548700 19.957875 0.000000 0.704313 0.002968 
42 0.929500 0.000000 -0.778983 19.839307 0.000000 0.559792 0.015221 
43 -0.879187 0.000000 0.990734 20.029526 -0.000000 0.804016 -0.004571 
44 4.546875 0.000000 4.530167 19.999050 -0.000000 0.629492 -0.000896 
45 8.164250 0.000000 4.530167 19.992217 -0.000000 0.628360 -0.000209 
46 4.546875 0.000000 8.069600 19.994049 -0.000000 0.679936 -0.000561 
47 2.738188 0.000000 -0.778983 19.950117 0.000000 0.469149 0.004432 
48 2.738188 0.000000 -2.548700 19.963445 0.000000 0.639387 0.002630 
49 4.546875 0.000000 -0.778983 19.982605 0.000000 0.483539 0.001154 
50 2.738188 0.000000 0.990734 19.996124 -0.000001 0.150458 0.000331 
51 -0.879187 0.000000 2.760450 20.056112 -0.000000 0.690355 -0.006811 
52 -2.687875 0.000000 2.760450 20.007070 -0.000000 0.707727 -0.001959 
53 0.929500 0.000000 2.760450 20.098886 -0.000000 0.556155 -0.010686 
54 -0.879187 0.000000 4.530167 20.016902 -0.000000 0.680212 -0.002848 
55 0.025156 0.000000 0.105875 19.720913 0.000000 0.788645 0.026159 
56 -0.879187 0.000000 0.105875 19.935231 0.000000 0.780416 0.004944 
57 0.025156 0.000000 -0.778983 19.855320 0.000000 0.688283 0.013231 
58 0.929500 0.000000 0.105875 19.630650 0.000001 0.288484 0.036386 
59 0.025156 0.000000 0.990734 20.171896 -0.000000 1.108282 -0.020334 
60 2.738188 0.000000 2.760450 20.023331 -0.000000 0.501067 -0.002962 
61 4.546875 0.000000 2.760450 20.001258 -0.000000 0.501311 -0.000754 
62 2.738188 0.000000 4.530167 20.009577 -0.000000 0.632948 -0.001960 
63 1.833844 0.000000 0.105875 19.892851 0.000001 0.202824 0.010583 
64 1.833844 0.000000 -0.778983 19.903847 0.000000 0.481697 0.009012 
65 2.738188 0.000000 0.105875 19.963674 0.000001 0.239483 0.003486 
66 1.833844 0.000000 0.990734 20.002356 -0.000001 0.076528 -0.000250 
67 0.025156 0.000000 1.875592 20.212780 -0.000000 0.662733 -0.022489 
68 -0.879187 0.000000 1.875592 20.076167 -0.000000 0.733678 -0.008977 
69 0.929500 0.000000 1.875592 20.230187 -0.000000 0.377440 -0.023507 
70 0.025156 0.000000 2.760450 20.096986 -0.000000 0.638948 -0.010743 
71 0.477328 0.000000 0.548304 18.901666 0.000000 0.725699 0.105501 
72 0.025156 0.000000 0.548304 19.732359 0.000000 1.022094 0.023973 
73 0.477328 0.000000 0.105875 19.550558 0.000000 0.577722 0.043605 
74 0.929500 0.000000 0.548304 19.460707 0.000001 -0.190993 0.053111 
75 0.477328 0.000000 0.990734 20.014017 -0.000000 0.047634 -0.001408 
76 1.833844 0.000000 1.875592 20.075716 -0.000001 0.298905 -0.007809 
77 2.738188 0.000000 1.875592 20.022253 -0.000001 0.314232 -0.002473 
78 1.833844 0.000000 2.760450 20.056890 -0.000000 0.508895 -0.006345 
79 1.381672 0.000000 0.548304 19.857954 0.000001 -0.026292 0.014152 
80 1.381672 0.000000 0.105875 19.805474 0.000001 0.205045 0.019253 
81 1.833844 0.000000 0.548304 19.934126 0.000001 0.058109 0.006568 
82 1.381672 0.000000 0.990734 20.002837 -0.000001 -0.019167 -0.000285 
1 1 12 10 11 
2 12 7 13 10 
3 11 10 14 6 
4 7 16 15 13 
5 16 2 17 15 
6 15 17 8 18 
7 6 14 19 20 
8 19 21 9 22 
9 20 19 22 4 
10 10 25 23 24 
11 25 13 26 23 
12 24 23 27 14 
13 18 8 29 28 
14 28 29 3 30 
15 21 28 30 9 
16 13 32 31 26 
17 32 15 33 31 
18 31 33 18 34 
19 14 27 35 36 
20 35 37 21 38 
21 36 35 38 19 
22 23 41 39 40 
23 41 26 42 39 
24 40 39 43 27 
25 34 18 45 44 
26 44 45 28 46 
27 37 44 46 21 
28 26 48 47 42 
29 48 31 49 47 
30 47 49 34 50 
31 27 43 51 52 
32 51 53 37 54 
33 52 51 54 35 
34 39 57 55 56 
35 57 42 58 55 
36 56 55 59 43 
37 50 34 61 60 
38 60 61 44 62 
39 53 60 62 37 
40 42 64 63 58 
41 64 47 65 63 
42 63 65 50 66 
43 43 59 67 68 
44 59 5 69 67 
45 67 69 53 70 
46 68 67 70 51 
47 55 73 71 72 
48 73 58 74 71 
49 71 74 5 75 
50 72 71 75 59 
51 5 66 76 69 
52 66 50 77 76 
53 76 77 60 78 
54 69 76 78 53 
55 58 80 79 74 
56 80 63 81 79 
57 79 81 66 82 
58 74 79 82 5 
