2 0.000000 20.000000 82.066944
82 58 
1 -13.540000 0.000000 -13.167000 19.999499 -0.000002 0.001400 0.000050 
2 15.399000 0.000000 -13.167000 19.999371 -0.000025 -0.002408 0.000063 
3 15.399000 0.000000 15.148467 20.000454 0.000002 -0.004456 -0.000045 
4 -13.540000 0.000000 15.148467 20.000670 -0.000001 -0.001197 -0.000067 
5 0.929500 0.000000 0.990734 19.781129 0.000048 -2.244644 0.009171 
6 -13.540000 0.000000 0.990734 20.000275 -0.000003 0.000805 -0.000028 
7 0.929500 0.000000 -13.167000 19.998255 -0.000013 0.001725 0.000174 
8 15.399000 0.000000 0.990734 19.999796 0.025677 -0.117352 -0.000016 
9 0.929500 0.000000 15.148467 20.001643 0.000000 -0.005157 -0.000164 
10 -6.305250 0.000000 -6.088133 19.997908 -0.000011 0.003204 0.000209 
11 -13.540000 0.000000 -6.088133 19.999604 -0.000003 0.001149 0.000040 
12 -6.305250 0.000000 -13.167000 19.998844 -0.000006 0.002303 0.000116 
13 0.929500 0.000000 -6.088133 19.992928 -0.000069 -0.000556 0.000707 
14 -6.305250 0.000000 0.990734 20.001267 -0.000009 0.003366 -0.000127 
15 8.164250 0.000000 -6.088133 19.997581 -0.000150 -0.012024 0.000242 
16 8.164250 0.000000 -13.167000 19.998745 -0.000021 -0.000820 0.000125 
17 15.399000 0.000000 -6.088133 19.999327 -0.000163 -0.013468 0.000067 
18 8.164250 0.000000 0.990734 19.999310 0.025704 -0.119381 0.000032 
19 -6.305250 0.000000 8.069600 20.002744 -0.000002 -0.002441 -0.000274 
20 -13.540000 0.000000 8.069600 20.000769 -0.000002 -0.000217 -0.000077 
21 0.929500 0.000000 8.069600 20.006276 0.000020 -0.013534 -0.000628 
22 -6.305250 0.000000 15.148467 20.001286 -0.000001 -0.002946 -0.000129 
23 -2.687875 0.000000 -2.548700 19.990992 -0.000048 0.008063 0.000900 
24 -6.305250 0.000000 -2.548700 19.998357 -0.000013 0.003520 0.000164 
25 -2.687875 0.000000 -6.088133 19.995167 -0.000027 0.004094 0.000483 
26 0.929500 0.000000 -2.548700 19.971896 -0.000343 -0.018807 0.002808 
27 -2.687875 0.000000 0.990734 20.006508 -0.000025 0.014321 -0.000651 
28 8.164250 0.000000 8.069600 20.001719 0.000053 -0.014816 -0.000172 
29 15.399000 0.000000 8.069600 20.000359 0.000054 -0.013258 -0.000036 
30 8.164250 0.000000 15.148467 20.001035 0.000002 -0.005292 -0.000104 
31 4.546875 0.000000 -2.548700 19.991167 -0.000857 -0.049969 0.000877 
32 4.546875 0.000000 -6.088133 19.995109 -0.000122 -0.008405 0.000489 
33 8.164250 0.000000 -2.548700 19.997506 -0.000959 -0.051895 0.000243 
34 4.546875 0.000000 0.990734 19.997992 0.025769 -0.126887 0.000159 
35 -2.687875 0.000000 4.530167 20.011308 0.000006 -0.005336 -0.001131 
36 -6.305250 0.000000 4.530167 20.003255 -0.000004 0.000293 -0.000325 
37 0.929500 0.000000 4.530167 20.022388 0.000175 -0.038501 -0.002244 
38 -2.687875 0.000000 8.069600 20.005133 0.000003 -0.006930 -0.000513 
39 -0.879187 0.000000 -0.778983 19.956451 -0.000203 0.025536 0.004349 
40 -2.687875 0.000000 -0.778983 19.993079 -0.000049 0.012648 0.000692 
41 -0.879187 0.000000 -2.548700 19.979374 -0.000130 0.005329 0.002061 
42 0.929500 0.000000 -0.778983 19.893304 -0.001021 -0.094431 0.010619 
43 -0.879187 0.000000 0.990734 20.035799 -0.000037 0.071963 -0.003596 
44 4.546875 0.000000 4.530167 20.006121 0.000442 -0.048186 -0.000618 
45 8.164250 0.000000 4.530167 20.001353 0.000486 -0.045339 -0.000140 
46 4.546875 0.000000 8.069600 20.003879 0.000043 -0.015766 -0.000389 
47 2.738188 0.000000 -0.778983 19.969615 -0.003053 -0.163156 0.002970 
48 2.738188 0.000000 -2.548700 19.981835 -0.000662 -0.042460 0.001811 
49 4.546875 0.000000 -0.778983 19.991439 -0.003957 -0.159829 0.000792 
50 2.738188 0.000000 0.990734 19.997455 0.021543 -0.152647 0.000195 
51 -0.879187 0.000000 2.760450 20.048264 0.000093 -0.012411 -0.004833 
52 -2.687875 0.000000 2.760450 20.014203 -0.000000 0.003231 -0.001421 
53 0.929500 0.000000 2.760450 20.073038 0.000614 -0.104692 -0.007345 
54 -0.879187 0.000000 4.530167 20.019922 0.000043 -0.018196 -0.001994 
55 0.025156 0.000000 0.105875 19.814363 -0.000626 0.072210 0.018465 
56 -0.879187 0.000000 0.105875 19.966980 -0.000176 0.059147 0.003291 
57 0.025156 0.000000 -0.778983 19.906730 -0.000455 -0.002137 0.009305 
58 0.929500 0.000000 0.105875 19.746498 -0.002166 -0.284442 0.024987 
59 0.025156 0.000000 0.990734 20.131324 0.000101 0.278672 -0.013370 
60 2.738188 0.000000 2.760450 20.019925 0.001837 -0.132086 -0.002037 
61 4.546875 0.000000 2.760450 20.004659 0.002375 -0.125172 -0.000505 
62 2.738188 0.000000 4.530167 20.013438 0.000338 -0.048105 -0.001350 
63 1.833844 0.000000 0.105875 19.932057 -0.004003 -0.330116 0.006510 
64 1.833844 0.000000 -0.778983 19.938174 -0.001963 -0.151932 0.006115 
65 2.738188 0.000000 0.105875 19.975366 -0.006652 -0.306425 0.002227 
66 1.833844 0.000000 0.990734 19.997162 0.007278 -0.193069 0.000190 
67 0.025156 0.000000 1.875592 20.155994 0.000409 -0.035850 -0.015663 
68 -0.879187 0.000000 1.875592 20.064730 0.000079 0.018776 -0.006484 
69 0.929500 0.000000 1.875592 20.151718 0.001443 -0.226493 -0.015358 
70 0.025156 0.000000 2.760450 20.074837 0.000264 -0.049936 -0.007504 
71 0.477328 0.000000 0.548304 19.233872 -0.001894 0.043537 0.075141 
72 0.025156 0.000000 0.548304 19.828427 -0.000515 0.231687 0.016949 
73 0.477328 0.000000 0.105875 19.688539 -0.001305 -0.076389 0.030889 
74 0.929500 0.000000 0.548304 19.628786 -0.003771 -0.635450 0.035767 
75 0.477328 0.000000 0.990734 19.992206 -0.000202 0.046153 0.000774 
76 1.833844 0.000000 1.875592 20.046697 0.003051 -0.249857 -0.004831 
77 2.738188 0.000000 1.875592 20.015505 0.004997 -0.232879 -0.001687 
78 1.833844 0.000000 2.760450 20.042761 0.001203 -0.131287 -0.004324 
79 1.381672 0.000000 0.548304 19.940617 -0.004287 -0.438424 0.005449 
80 1.381672 0.000000 0.105875 19.875248 -0.002972 -0.334749 0.012156 
81 1.833844 0.000000 0.548304 19.962530 -0.004935 -0.366418 0.003408 
82 1.381672 0.000000 0.990734 19.851557 0.004993 -0.208817 0.014680 
1 1 12 10 11 
2 12 7 13 10 
3 11 10 14 6 
4 7 16 15 13 
5 16 2 17 15 
6 15 17 8 18 
7 6 14 19 20 
8 19 21 9 22 
9 20 19 22 4 
10 10 25 23 24 
11 25 13 26 23 
12 24 23 27 14 
13 18 8 29 28 
14 28 29 3 30 
15 21 28 30 9 
16 13 32 31 26 
17 32 15 33 31 
18 31 33 18 34 
19 14 27 35 36 
20 35 37 21 38 
21 36 35 38 19 
22 23 41 39 40 
23 41 26 42 39 
24 40 39 43 27 
25 34 18 45 44 
26 44 45 28 46 
27 37 44 46 21 
28 26 48 47 42 
29 48 31 49 47 
30 47 49 34 50 
31 27 43 51 52 
32 51 53 37 54 
33 52 51 54 35 
34 39 57 55 56 
35 57 42 58 55 
36 56 55 59 43 
37 50 34 61 60 
38 60 61 44 62 
39 53 60 62 37 
40 42 64 63 58 
41 64 47 65 63 
42 63 65 50 66 
43 43 59 67 68 
44 59 5 69 67 
45 67 69 53 70 
46 68 67 70 51 
47 55 73 71 72 
48 73 58 74 71 
49 71 74 5 75 
50 72 71 75 59 
51 5 66 76 69 
52 66 50 77 76 
53 76 77 60 78 
54 69 76 78 53 
55 58 80 79 74 
56 80 63 81 79 
57 79 81 66 82 
58 74 79 82 5 
