2 0.000000 20.000000 82.066944
82 58 
1 -13.540000 0.000000 -13.167000 19.987603 0.000000 -0.696626 0.000026 
2 15.399000 0.000000 -13.167000 19.987397 0.000000 -0.699022 0.000038 
3 15.399000 0.000000 15.148467 19.987948 -0.000000 -0.700848 -0.000023 
4 -13.540000 0.000000 15.148467 19.988184 -0.000000 -0.699210 -0.000041 
5 0.929500 0.000000 0.990734 19.822311 -0.000000 -2.249343 0.005041 
6 -13.540000 0.000000 0.990734 19.988070 -0.000000 -0.697535 -0.000024 
7 0.929500 0.000000 -13.167000 19.986913 0.000000 -0.695507 0.000099 
8 15.399000 0.000000 0.990734 19.987870 -0.000000 -0.691281 0.000018 
9 0.929500 0.000000 15.148467 19.988581 -0.000000 -0.702356 -0.000092 
10 -6.305250 0.000000 -6.088133 19.986835 0.000000 -0.694967 0.000109 
11 -13.540000 0.000000 -6.088133 19.987679 -0.000000 -0.697005 0.000017 
12 -6.305250 0.000000 -13.167000 19.987269 0.000000 -0.695571 0.000063 
13 0.929500 0.000000 -6.088133 19.983892 0.000000 -0.695400 0.000401 
14 -6.305250 0.000000 0.990734 19.988968 -0.000000 -0.696081 -0.000108 
15 8.164250 0.000000 -6.088133 19.986127 0.000000 -0.704486 0.000146 
16 8.164250 0.000000 -13.167000 19.987096 0.000000 -0.697496 0.000074 
17 15.399000 0.000000 -6.088133 19.987086 0.000000 -0.706579 0.000043 
18 8.164250 0.000000 0.990734 19.992366 -0.000000 -0.549626 0.000008 
19 -6.305250 0.000000 8.069600 19.989397 -0.000000 -0.700550 -0.000167 
20 -13.540000 0.000000 8.069600 19.988301 -0.000000 -0.698357 -0.000050 
21 0.929500 0.000000 8.069600 19.990900 -0.000000 -0.708360 -0.000345 
22 -6.305250 0.000000 15.148467 19.988472 -0.000000 -0.700798 -0.000075 
23 -2.687875 0.000000 -2.548700 19.983360 0.000000 -0.690719 0.000471 
24 -6.305250 0.000000 -2.548700 19.987203 0.000000 -0.695271 0.000071 
25 -2.687875 0.000000 -6.088133 19.985331 0.000000 -0.693348 0.000264 
26 0.929500 0.000000 -2.548700 19.971658 0.000000 -0.703802 0.001594 
27 -2.687875 0.000000 0.990734 19.993611 -0.000000 -0.689913 -0.000551 
28 8.164250 0.000000 8.069600 19.988373 -0.000000 -0.706633 -0.000086 
29 15.399000 0.000000 8.069600 19.987736 -0.000000 -0.704711 -0.000015 
30 8.164250 0.000000 15.148467 19.988234 -0.000000 -0.701867 -0.000055 
31 4.546875 0.000000 -2.548700 19.981516 0.000000 -0.726691 0.000527 
32 4.546875 0.000000 -6.088133 19.984844 0.000000 -0.701134 0.000286 
33 8.164250 0.000000 -2.548700 19.985082 0.000000 -0.730941 0.000156 
34 4.546875 0.000000 0.990734 19.993111 -0.000000 -0.487352 0.000095 
35 -2.687875 0.000000 4.530167 19.994467 -0.000000 -0.703748 -0.000685 
36 -6.305250 0.000000 4.530167 19.989909 -0.000000 -0.698407 -0.000211 
37 0.929500 0.000000 4.530167 19.998876 -0.000000 -0.724391 -0.001199 
38 -2.687875 0.000000 8.069600 19.990575 -0.000000 -0.704281 -0.000298 
39 -0.879187 0.000000 -0.778983 19.964957 0.000000 -0.676817 0.002356 
40 -2.687875 0.000000 -0.778983 19.985226 0.000000 -0.689054 0.000290 
41 -0.879187 0.000000 -2.548700 19.976663 0.000000 -0.690035 0.001142 
42 0.929500 0.000000 -0.778983 19.923832 0.000000 -0.744401 0.006217 
43 -0.879187 0.000000 0.990734 20.018219 -0.000000 -0.656297 -0.002900 
44 4.546875 0.000000 4.530167 19.989849 -0.000000 -0.724153 -0.000296 
45 8.164250 0.000000 4.530167 19.987606 -0.000000 -0.720239 -0.000058 
46 4.546875 0.000000 8.069600 19.989486 -0.000000 -0.708306 -0.000203 
47 2.738188 0.000000 -0.778983 19.966754 0.000000 -0.789614 0.001763 
48 2.738188 0.000000 -2.548700 19.976588 0.000000 -0.720169 0.001043 
49 4.546875 0.000000 -0.778983 19.979147 0.000000 -0.792713 0.000513 
50 2.738188 0.000000 0.990734 19.998113 -0.000000 -0.474398 -0.000374 
51 -0.879187 0.000000 2.760450 20.016281 -0.000000 -0.711948 -0.002896 
52 -2.687875 0.000000 2.760450 19.997045 -0.000000 -0.697808 -0.000922 
53 0.929500 0.000000 2.760450 20.023768 -0.000000 -0.762890 -0.003833 
54 -0.879187 0.000000 4.530167 19.998690 -0.000000 -0.713244 -0.001141 
55 0.025156 0.000000 0.105875 19.884429 0.000000 -0.640286 0.010499 
56 -0.879187 0.000000 0.105875 19.974873 0.000000 -0.658722 0.001426 
57 0.025156 0.000000 -0.778983 19.934346 0.000000 -0.688721 0.005369 
58 0.929500 0.000000 0.105875 19.839728 0.000000 -0.852522 0.014146 
59 0.025156 0.000000 0.990734 20.067767 -0.000000 -0.547453 -0.007537 
60 2.738188 0.000000 2.760450 19.994442 -0.000000 -0.764758 -0.000906 
61 4.546875 0.000000 2.760450 19.987521 -0.000000 -0.756593 -0.000184 
62 2.738188 0.000000 4.530167 19.993586 -0.000000 -0.726478 -0.000678 
63 1.833844 0.000000 0.105875 19.949398 0.000000 -0.856123 0.003221 
64 1.833844 0.000000 -0.778983 19.949420 0.000000 -0.780729 0.003528 
65 2.738188 0.000000 0.105875 19.967164 0.000001 -0.842114 0.001508 
66 1.833844 0.000000 0.990734 19.979220 -0.000000 -0.464098 0.001538 
67 0.025156 0.000000 1.875592 20.075846 -0.000000 -0.731245 -0.008936 
68 -0.879187 0.000000 1.875592 20.029326 -0.000000 -0.692882 -0.004135 
69 0.929500 0.000000 1.875592 20.050913 -0.000000 -0.828359 -0.006813 
70 0.025156 0.000000 2.760450 20.028895 -0.000000 -0.735351 -0.004243 
71 0.477328 0.000000 0.548304 19.543492 0.000000 -0.634800 0.044122 
72 0.025156 0.000000 0.548304 19.901354 0.000000 -0.555032 0.009070 
73 0.477328 0.000000 0.105875 19.803530 0.000000 -0.726295 0.018232 
74 0.929500 0.000000 0.548304 19.775310 0.000000 -1.075074 0.019453 
75 0.477328 0.000000 0.990734 19.948394 -0.000000 0.044617 0.005149 
76 1.833844 0.000000 1.875592 19.996568 -0.000000 -0.799429 -0.001255 
77 2.738188 0.000000 1.875592 19.990240 -0.000000 -0.785799 -0.000568 
78 1.833844 0.000000 2.760450 20.005699 -0.000000 -0.769602 -0.002051 
79 1.381672 0.000000 0.548304 20.002603 0.000000 -0.844313 -0.002042 
80 1.381672 0.000000 0.105875 19.922708 0.000000 -0.868804 0.005827 
81 1.833844 0.000000 0.548304 19.972173 0.000000 -0.780556 0.001258 
82 1.381672 0.000000 0.990734 19.684974 -0.000000 -0.399193 0.030856 
1 1 12 10 11 
2 12 7 13 10 
3 11 10 14 6 
4 7 16 15 13 
5 16 2 17 15 
6 15 17 8 18 
7 6 14 19 20 
8 19 21 9 22 
9 20 19 22 4 
10 10 25 23 24 
11 25 13 26 23 
12 24 23 27 14 
13 18 8 29 28 
14 28 29 3 30 
15 21 28 30 9 
16 13 32 31 26 
17 32 15 33 31 
18 31 33 18 34 
19 14 27 35 36 
20 35 37 21 38 
21 36 35 38 19 
22 23 41 39 40 
23 41 26 42 39 
24 40 39 43 27 
25 34 18 45 44 
26 44 45 28 46 
27 37 44 46 21 
28 26 48 47 42 
29 48 31 49 47 
30 47 49 34 50 
31 27 43 51 52 
32 51 53 37 54 
33 52 51 54 35 
34 39 57 55 56 
35 57 42 58 55 
36 56 55 59 43 
37 50 34 61 60 
38 60 61 44 62 
39 53 60 62 37 
40 42 64 63 58 
41 64 47 65 63 
42 63 65 50 66 
43 43 59 67 68 
44 59 5 69 67 
45 67 69 53 70 
46 68 67 70 51 
47 55 73 71 72 
48 73 58 74 71 
49 71 74 5 75 
50 72 71 75 59 
51 5 66 76 69 
52 66 50 77 76 
53 76 77 60 78 
54 69 76 78 53 
55 58 80 79 74 
56 80 63 81 79 
57 79 81 66 82 
58 74 79 82 5 
