2 0.000000 20.000000 82.066944
82 58 
1 -13.540000 0.000000 -13.167000 19.996594 -0.000000 -0.347667 0.000038 
2 15.399000 0.000000 -13.167000 19.996419 0.000000 -0.350802 0.000050 
3 15.399000 0.000000 15.148467 19.997235 -0.000003 -0.352677 -0.000035 
4 -13.540000 0.000000 15.148467 19.997471 -0.000000 -0.350256 -0.000054 
5 0.929500 0.000000 0.990734 19.803417 -0.000019 -2.247186 0.006937 
6 -13.540000 0.000000 0.990734 19.997214 -0.000000 -0.348417 -0.000025 
7 0.929500 0.000000 -13.167000 19.995620 0.000000 -0.346955 0.000137 
8 15.399000 0.000000 0.990734 19.996569 -0.001075 -0.360356 0.000018 
9 0.929500 0.000000 15.148467 19.998151 -0.000001 -0.353802 -0.000128 
10 -6.305250 0.000000 -6.088133 19.995404 -0.000000 -0.345938 0.000160 
11 -13.540000 0.000000 -6.088133 19.996683 -0.000000 -0.347981 0.000029 
12 -6.305250 0.000000 -13.167000 19.996097 -0.000000 -0.346690 0.000090 
13 0.929500 0.000000 -6.088133 19.991413 0.000004 -0.348082 0.000556 
14 -6.305250 0.000000 0.990734 19.998145 -0.000001 -0.346407 -0.000115 
15 8.164250 0.000000 -6.088133 19.994853 0.000009 -0.358461 0.000193 
16 8.164250 0.000000 -13.167000 19.995955 0.000000 -0.349234 0.000100 
17 15.399000 0.000000 -6.088133 19.996209 0.000009 -0.360320 0.000055 
18 8.164250 0.000000 0.990734 19.996860 -0.000949 -0.316991 0.000063 
19 -6.305250 0.000000 8.069600 19.999108 -0.000001 -0.351545 -0.000220 
20 -13.540000 0.000000 8.069600 19.997577 -0.000000 -0.349339 -0.000063 
21 0.929500 0.000000 8.069600 20.001606 -0.000008 -0.360969 -0.000486 
22 -6.305250 0.000000 15.148467 19.997921 -0.000001 -0.351922 -0.000102 
23 -2.687875 0.000000 -2.548700 19.990164 0.000003 -0.341397 0.000692 
24 -6.305250 0.000000 -2.548700 19.995807 -0.000000 -0.345929 0.000120 
25 -2.687875 0.000000 -6.088133 19.993270 0.000001 -0.344696 0.000376 
26 0.929500 0.000000 -2.548700 19.974569 0.000075 -0.361544 0.002215 
27 -2.687875 0.000000 0.990734 20.003032 -0.000005 -0.337833 -0.000589 
28 8.164250 0.000000 8.069600 19.998045 -0.000015 -0.360655 -0.000130 
29 15.399000 0.000000 8.069600 19.997043 -0.000016 -0.358813 -0.000026 
30 8.164250 0.000000 15.148467 19.997670 -0.000002 -0.353617 -0.000080 
31 4.546875 0.000000 -2.548700 19.989190 0.000088 -0.389036 0.000702 
32 4.546875 0.000000 -6.088133 19.992974 0.000007 -0.354926 0.000388 
33 8.164250 0.000000 -2.548700 19.994165 0.000095 -0.392470 0.000198 
34 4.546875 0.000000 0.990734 19.995380 -0.000749 -0.315585 0.000213 
35 -2.687875 0.000000 4.530167 20.005900 -0.000007 -0.354576 -0.000904 
36 -6.305250 0.000000 4.530167 19.999614 -0.000002 -0.349105 -0.000266 
37 0.929500 0.000000 4.530167 20.013560 -0.000054 -0.381382 -0.001720 
38 -2.687875 0.000000 8.069600 20.000886 -0.000003 -0.355647 -0.000405 
39 -0.879187 0.000000 -0.778983 19.963496 0.000044 -0.325689 0.003382 
40 -2.687875 0.000000 -0.778983 19.992120 0.000002 -0.338260 0.000502 
41 -0.879187 0.000000 -2.548700 19.980950 0.000015 -0.342470 0.001611 
42 0.929500 0.000000 -0.778983 19.910966 0.000214 -0.419932 0.008443 
43 -0.879187 0.000000 0.990734 20.029789 -0.000020 -0.292331 -0.003195 
44 4.546875 0.000000 4.530167 20.000843 -0.000081 -0.385742 -0.000456 
45 8.164250 0.000000 4.530167 19.997344 -0.000086 -0.382017 -0.000099 
46 4.546875 0.000000 8.069600 19.999686 -0.000013 -0.362017 -0.000296 
47 2.738188 0.000000 -0.778983 19.970424 0.000495 -0.478161 0.002384 
48 2.738188 0.000000 -2.548700 19.981972 0.000105 -0.381929 0.001437 
49 4.546875 0.000000 -0.778983 19.987667 0.000607 -0.479095 0.000659 
50 2.738188 0.000000 0.990734 19.993093 -0.000812 -0.327969 0.000422 
51 -0.879187 0.000000 2.760450 20.035216 -0.000068 -0.362115 -0.003853 
52 -2.687875 0.000000 2.760450 20.008615 -0.000007 -0.347320 -0.001163 
53 0.929500 0.000000 2.760450 20.051069 -0.000167 -0.433515 -0.005583 
54 -0.879187 0.000000 4.530167 20.012291 -0.000017 -0.365726 -0.001564 
55 0.025156 0.000000 0.105875 19.851885 0.000151 -0.284184 0.014555 
56 -0.879187 0.000000 0.105875 19.973685 0.000026 -0.299770 0.002405 
57 0.025156 0.000000 -0.778983 19.923207 0.000091 -0.345642 0.007366 
58 0.929500 0.000000 0.105875 19.794936 0.000583 -0.569029 0.019592 
59 0.025156 0.000000 0.990734 20.102054 -0.000061 -0.134309 -0.010277 
60 2.738188 0.000000 2.760450 20.009553 -0.000317 -0.447204 -0.001455 
61 4.546875 0.000000 2.760450 19.998558 -0.000379 -0.438719 -0.000337 
62 2.738188 0.000000 4.530167 20.006381 -0.000070 -0.387063 -0.001013 
63 1.833844 0.000000 0.105875 19.941949 0.000994 -0.594710 0.004912 
64 1.833844 0.000000 -0.778983 19.945982 0.000362 -0.467444 0.004848 
65 2.738188 0.000000 0.105875 19.973031 0.001374 -0.576162 0.001865 
66 1.833844 0.000000 0.990734 19.987926 -0.000699 -0.328467 0.000937 
67 0.025156 0.000000 1.875592 20.118600 -0.000147 -0.383437 -0.012263 
68 -0.879187 0.000000 1.875592 20.049906 -0.000059 -0.336967 -0.005281 
69 0.929500 0.000000 1.875592 20.103616 -0.000419 -0.527028 -0.011083 
70 0.025156 0.000000 2.760450 20.054660 -0.000109 -0.392727 -0.005859 
71 0.477328 0.000000 0.548304 19.390697 0.000393 -0.295702 0.059784 
72 0.025156 0.000000 0.548304 19.867323 0.000108 -0.161698 0.013158 
73 0.477328 0.000000 0.105875 19.748232 0.000339 -0.401619 0.024615 
74 0.929500 0.000000 0.548304 19.703538 0.000792 -0.855524 0.027597 
75 0.477328 0.000000 0.990734 19.972396 -0.000013 0.045393 0.002753 
76 1.833844 0.000000 1.875592 20.023242 -0.000656 -0.523321 -0.003010 
77 2.738188 0.000000 1.875592 20.004159 -0.000828 -0.506170 -0.001057 
78 1.833844 0.000000 2.760450 20.026699 -0.000252 -0.449791 -0.003177 
79 1.381672 0.000000 0.548304 19.972438 0.000940 -0.642208 0.001723 
80 1.381672 0.000000 0.105875 19.900400 0.000790 -0.602784 0.009027 
81 1.833844 0.000000 0.548304 19.968124 0.001068 -0.575002 0.002358 
82 1.381672 0.000000 0.990734 19.769403 -0.000670 -0.304256 0.022695 
1 1 12 10 11 
2 12 7 13 10 
3 11 10 14 6 
4 7 16 15 13 
5 16 2 17 15 
6 15 17 8 18 
7 6 14 19 20 
8 19 21 9 22 
9 20 19 22 4 
10 10 25 23 24 
11 25 13 26 23 
12 24 23 27 14 
13 18 8 29 28 
14 28 29 3 30 
15 21 28 30 9 
16 13 32 31 26 
17 32 15 33 31 
18 31 33 18 34 
19 14 27 35 36 
20 35 37 21 38 
21 36 35 38 19 
22 23 41 39 40 
23 41 26 42 39 
24 40 39 43 27 
25 34 18 45 44 
26 44 45 28 46 
27 37 44 46 21 
28 26 48 47 42 
29 48 31 49 47 
30 47 49 34 50 
31 27 43 51 52 
32 51 53 37 54 
33 52 51 54 35 
34 39 57 55 56 
35 57 42 58 55 
36 56 55 59 43 
37 50 34 61 60 
38 60 61 44 62 
39 53 60 62 37 
40 42 64 63 58 
41 64 47 65 63 
42 63 65 50 66 
43 43 59 67 68 
44 59 5 69 67 
45 67 69 53 70 
46 68 67 70 51 
47 55 73 71 72 
48 73 58 74 71 
49 71 74 5 75 
50 72 71 75 59 
51 5 66 76 69 
52 66 50 77 76 
53 76 77 60 78 
54 69 76 78 53 
55 58 80 79 74 
56 80 63 81 79 
57 79 81 66 82 
58 74 79 82 5 
