2 0.000000 20.000000 82.066944
82 58 
1 -13.540000 0.000000 -13.167000 19.996595 0.000009 -0.347667 0.000038 
2 15.399000 0.000000 -13.167000 19.996420 0.000060 -0.350791 0.000050 
3 15.399000 0.000000 15.148467 19.997236 0.000054 -0.352685 -0.000035 
4 -13.540000 0.000000 15.148467 19.997471 0.000009 -0.350257 -0.000054 
5 0.929500 0.000000 0.990734 19.804611 0.002747 -2.247321 0.006817 
6 -13.540000 0.000000 0.990734 19.997216 0.000013 -0.348417 -0.000025 
7 0.929500 0.000000 -13.167000 19.995623 0.000032 -0.346950 0.000137 
8 15.399000 0.000000 0.990734 19.996417 -0.008410 -0.369197 0.000017 
9 0.929500 0.000000 15.148467 19.998154 0.000030 -0.353807 -0.000128 
10 -6.305250 0.000000 -6.088133 19.995410 0.000031 -0.345935 0.000160 
11 -13.540000 0.000000 -6.088133 19.996684 0.000012 -0.347981 0.000029 
12 -6.305250 0.000000 -13.167000 19.996099 0.000017 -0.346689 0.000090 
13 0.929500 0.000000 -6.088133 19.991434 0.000109 -0.348049 0.000554 
14 -6.305250 0.000000 0.990734 19.998158 0.000045 -0.346407 -0.000116 
15 8.164250 0.000000 -6.088133 19.994864 0.000218 -0.358380 0.000192 
16 8.164250 0.000000 -13.167000 19.995957 0.000049 -0.349225 0.000099 
17 15.399000 0.000000 -6.088133 19.996212 0.000257 -0.360229 0.000054 
18 8.164250 0.000000 0.990734 19.996903 -0.017468 -0.316276 0.000059 
19 -6.305250 0.000000 8.069600 19.999113 0.000030 -0.351548 -0.000220 
20 -13.540000 0.000000 8.069600 19.997579 0.000012 -0.349340 -0.000063 
21 0.929500 0.000000 8.069600 20.001623 0.000103 -0.360997 -0.000488 
22 -6.305250 0.000000 15.148467 19.997923 0.000016 -0.351924 -0.000102 
23 -2.687875 0.000000 -2.548700 19.990199 0.000097 -0.341381 0.000689 
24 -6.305250 0.000000 -2.548700 19.995817 0.000040 -0.345926 0.000119 
25 -2.687875 0.000000 -6.088133 19.993282 0.000058 -0.344686 0.000375 
26 0.929500 0.000000 -2.548700 19.974712 0.000303 -0.361381 0.002201 
27 -2.687875 0.000000 0.990734 20.003094 0.000126 -0.337835 -0.000595 
28 8.164250 0.000000 8.069600 19.998053 0.000196 -0.360719 -0.000131 
29 15.399000 0.000000 8.069600 19.997044 0.000218 -0.358878 -0.000026 
30 8.164250 0.000000 15.148467 19.997672 0.000045 -0.353624 -0.000080 
31 4.546875 0.000000 -2.548700 19.989287 0.000596 -0.388509 0.000694 
32 4.546875 0.000000 -6.088133 19.992993 0.000173 -0.354862 0.000386 
33 8.164250 0.000000 -2.548700 19.994196 0.000741 -0.391850 0.000196 
34 4.546875 0.000000 0.990734 19.995950 -0.022917 -0.301012 0.000177 
35 -2.687875 0.000000 4.530167 20.005931 0.000094 -0.354593 -0.000908 
36 -6.305250 0.000000 4.530167 19.999624 0.000040 -0.349108 -0.000267 
37 0.929500 0.000000 4.530167 20.013664 0.000279 -0.381518 -0.001731 
38 -2.687875 0.000000 8.069600 20.000896 0.000056 -0.355657 -0.000406 
39 -0.879187 0.000000 -0.778983 19.963655 0.000272 -0.325630 0.003366 
40 -2.687875 0.000000 -0.778983 19.992173 0.000117 -0.338247 0.000496 
41 -0.879187 0.000000 -2.548700 19.981024 0.000166 -0.342418 0.001604 
42 0.929500 0.000000 -0.778983 19.911524 0.000411 -0.419544 0.008388 
43 -0.879187 0.000000 0.990734 20.030019 0.000320 -0.292328 -0.003218 
44 4.546875 0.000000 4.530167 20.000909 0.000568 -0.386117 -0.000464 
45 8.164250 0.000000 4.530167 19.997357 0.000674 -0.382430 -0.000101 
46 4.546875 0.000000 8.069600 19.999701 0.000160 -0.362069 -0.000298 
47 2.738188 0.000000 -0.778983 19.971166 0.000369 -0.476355 0.002314 
48 2.738188 0.000000 -2.548700 19.982132 0.000440 -0.381555 0.001422 
49 4.546875 0.000000 -0.778983 19.987945 0.000544 -0.476608 0.000637 
50 2.738188 0.000000 0.990734 19.995887 -0.020325 -0.310185 0.000170 
51 -0.879187 0.000000 2.760450 20.035366 0.000262 -0.362177 -0.003868 
52 -2.687875 0.000000 2.760450 20.008665 0.000116 -0.347335 -0.001168 
53 0.929500 0.000000 2.760450 20.051473 0.000463 -0.433886 -0.005625 
54 -0.879187 0.000000 4.530167 20.012353 0.000161 -0.365774 -0.001570 
55 0.025156 0.000000 0.105875 19.852284 0.000373 -0.284124 0.014515 
56 -0.879187 0.000000 0.105875 19.973889 0.000309 -0.299728 0.002385 
57 0.025156 0.000000 -0.778983 19.923494 0.000322 -0.345505 0.007338 
58 0.929500 0.000000 0.105875 19.796003 0.000430 -0.568756 0.019487 
59 0.025156 0.000000 0.990734 20.102585 0.000387 -0.134289 -0.010330 
60 2.738188 0.000000 2.760450 20.010026 0.000816 -0.448482 -0.001506 
61 4.546875 0.000000 2.760450 19.998733 0.001115 -0.440418 -0.000358 
62 2.738188 0.000000 4.530167 20.006490 0.000437 -0.387341 -0.001024 
63 1.833844 0.000000 0.105875 19.943985 -0.000461 -0.593358 0.004713 
64 1.833844 0.000000 -0.778983 19.946812 0.000400 -0.466424 0.004768 
65 2.738188 0.000000 0.105875 19.974632 -0.001758 -0.573642 0.001713 
66 1.833844 0.000000 0.990734 19.990618 -0.003733 -0.328826 0.000668 
67 0.025156 0.000000 1.875592 20.119012 0.000362 -0.383623 -0.012305 
68 -0.879187 0.000000 1.875592 20.050111 0.000300 -0.337011 -0.005301 
69 0.929500 0.000000 1.875592 20.104457 0.000446 -0.527548 -0.011169 
70 0.025156 0.000000 2.760450 20.054924 0.000376 -0.392881 -0.005886 
71 0.477328 0.000000 0.548304 19.391260 0.000498 -0.295666 0.059729 
72 0.025156 0.000000 0.548304 19.867768 0.000390 -0.161618 0.013114 
73 0.477328 0.000000 0.105875 19.748862 0.000435 -0.401484 0.024553 
74 0.929500 0.000000 0.548304 19.704806 0.000610 -0.855669 0.027471 
75 0.477328 0.000000 0.990734 19.973284 0.000163 0.045392 0.002665 
76 1.833844 0.000000 1.875592 20.024677 0.000268 -0.524812 -0.003158 
77 2.738188 0.000000 1.875592 20.005305 0.000201 -0.509105 -0.001179 
78 1.833844 0.000000 2.760450 20.027240 0.000626 -0.450582 -0.003233 
79 1.381672 0.000000 0.548304 19.974595 0.000472 -0.641934 0.001509 
80 1.381672 0.000000 0.105875 19.902035 0.000183 -0.602093 0.008866 
81 1.833844 0.000000 0.548304 19.970491 -0.000627 -0.574449 0.002124 
82 1.381672 0.000000 0.990734 19.771131 -0.002485 -0.304474 0.022524 
1 1 12 10 11 
2 12 7 13 10 
3 11 10 14 6 
4 7 16 15 13 
5 16 2 17 15 
6 15 17 8 18 
7 6 14 19 20 
8 19 21 9 22 
9 20 19 22 4 
10 10 25 23 24 
11 25 13 26 23 
12 24 23 27 14 
13 18 8 29 28 
14 28 29 3 30 
15 21 28 30 9 
16 13 32 31 26 
17 32 15 33 31 
18 31 33 18 34 
19 14 27 35 36 
20 35 37 21 38 
21 36 35 38 19 
22 23 41 39 40 
23 41 26 42 39 
24 40 39 43 27 
25 34 18 45 44 
26 44 45 28 46 
27 37 44 46 21 
28 26 48 47 42 
29 48 31 49 47 
30 47 49 34 50 
31 27 43 51 52 
32 51 53 37 54 
33 52 51 54 35 
34 39 57 55 56 
35 57 42 58 55 
36 56 55 59 43 
37 50 34 61 60 
38 60 61 44 62 
39 53 60 62 37 
40 42 64 63 58 
41 64 47 65 63 
42 63 65 50 66 
43 43 59 67 68 
44 59 5 69 67 
45 67 69 53 70 
46 68 67 70 51 
47 55 73 71 72 
48 73 58 74 71 
49 71 74 5 75 
50 72 71 75 59 
51 5 66 76 69 
52 66 50 77 76 
53 76 77 60 78 
54 69 76 78 53 
55 58 80 79 74 
56 80 63 81 79 
57 79 81 66 82 
58 74 79 82 5 
