2 0.000000 20.000000 82.066944
82 58 
1 -13.540000 0.000000 -13.167000 19.997436 -0.000000 -0.290798 0.000045 
2 15.399000 0.000000 -13.167000 19.997444 -0.000000 -0.293598 0.000040 
3 15.399000 0.000000 15.148467 19.998255 -0.000000 -0.293292 -0.000041 
4 -13.540000 0.000000 15.148467 19.998315 -0.000000 -0.290799 -0.000043 
5 0.929500 0.000000 0.990734 19.836195 -0.000000 -2.250901 0.003647 
6 -13.540000 0.000000 0.990734 19.997884 -0.000000 -0.290274 0.000001 
7 0.929500 0.000000 -13.167000 19.996567 -0.000000 -0.292241 0.000130 
8 15.399000 0.000000 0.990734 19.997638 -0.000000 -0.309320 -0.000003 
9 0.929500 0.000000 15.148467 19.999101 -0.000000 -0.292128 -0.000123 
10 -6.305250 0.000000 -6.088133 19.996012 -0.000000 -0.290565 0.000188 
11 -13.540000 0.000000 -6.088133 19.997440 -0.000000 -0.290513 0.000045 
12 -6.305250 0.000000 -13.167000 19.996942 -0.000000 -0.291135 0.000094 
13 0.929500 0.000000 -6.088133 19.992570 0.000000 -0.296618 0.000523 
14 -6.305250 0.000000 0.990734 19.997927 -0.000000 -0.288343 -0.000001 
15 8.164250 0.000000 -6.088133 19.996185 0.000000 -0.301798 0.000154 
16 8.164250 0.000000 -13.167000 19.996987 -0.000000 -0.293286 0.000086 
17 15.399000 0.000000 -6.088133 19.997350 0.000000 -0.302065 0.000037 
18 8.164250 0.000000 0.990734 19.998194 -0.000000 -0.276006 -0.000010 
19 -6.305250 0.000000 8.069600 19.999651 -0.000000 -0.290596 -0.000176 
20 -13.540000 0.000000 8.069600 19.998316 -0.000000 -0.290522 -0.000043 
21 0.929500 0.000000 8.069600 20.002550 -0.000000 -0.295865 -0.000474 
22 -6.305250 0.000000 15.148467 19.998772 -0.000000 -0.291119 -0.000089 
23 -2.687875 0.000000 -2.548700 19.989845 0.000000 -0.289652 0.000805 
24 -6.305250 0.000000 -2.548700 19.996012 -0.000000 -0.289351 0.000189 
25 -2.687875 0.000000 -6.088133 19.993960 0.000000 -0.292025 0.000391 
26 0.929500 0.000000 -2.548700 19.977021 0.000000 -0.314959 0.002049 
27 -2.687875 0.000000 0.990734 19.998495 -0.000000 -0.279927 -0.000045 
28 8.164250 0.000000 8.069600 19.999284 -0.000000 -0.300038 -0.000153 
29 15.399000 0.000000 8.069600 19.998150 -0.000000 -0.299783 -0.000040 
30 8.164250 0.000000 15.148467 19.998697 -0.000000 -0.293054 -0.000084 
31 4.546875 0.000000 -2.548700 19.991651 0.000000 -0.332435 0.000558 
32 4.546875 0.000000 -6.088133 19.994390 0.000000 -0.300662 0.000335 
33 8.164250 0.000000 -2.548700 19.995887 0.000000 -0.333127 0.000134 
34 4.546875 0.000000 0.990734 19.998579 -0.000000 -0.267800 -0.000037 
35 -2.687875 0.000000 4.530167 20.005218 -0.000000 -0.290007 -0.000732 
36 -6.305250 0.000000 4.530167 19.999712 -0.000000 -0.289450 -0.000181 
37 0.929500 0.000000 4.530167 20.014629 -0.000000 -0.309885 -0.001704 
38 -2.687875 0.000000 8.069600 20.001446 -0.000000 -0.291942 -0.000358 
39 -0.879187 0.000000 -0.778983 19.960608 0.000000 -0.283872 0.003734 
40 -2.687875 0.000000 -0.778983 19.989785 0.000000 -0.284214 0.000819 
41 -0.879187 0.000000 -2.548700 19.981332 0.000000 -0.296164 0.001647 
42 0.929500 0.000000 -0.778983 19.920956 0.000000 -0.378617 0.007530 
43 -0.879187 0.000000 0.990734 20.005432 -0.000000 -0.235959 -0.000682 
44 4.546875 0.000000 4.530167 20.002821 -0.000000 -0.322619 -0.000542 
45 8.164250 0.000000 4.530167 19.998901 -0.000000 -0.321677 -0.000149 
46 4.546875 0.000000 8.069600 20.000929 -0.000000 -0.299214 -0.000317 
47 2.738188 0.000000 -0.778983 19.976810 0.000000 -0.420274 0.001876 
48 2.738188 0.000000 -2.548700 19.984984 0.000000 -0.329040 0.001230 
49 4.546875 0.000000 -0.778983 19.991282 0.000000 -0.417720 0.000435 
50 2.738188 0.000000 0.990734 20.000103 -0.000000 -0.279314 -0.000205 
51 -0.879187 0.000000 2.760450 20.029874 -0.000000 -0.287957 -0.003197 
52 -2.687875 0.000000 2.760450 20.005918 -0.000000 -0.285199 -0.000795 
53 0.929500 0.000000 2.760450 20.052527 -0.000000 -0.352955 -0.005571 
54 -0.879187 0.000000 4.530167 20.011875 -0.000000 -0.295704 -0.001406 
55 0.025156 0.000000 0.105875 19.851301 0.000000 -0.262986 0.014642 
56 -0.879187 0.000000 0.105875 19.960768 0.000000 -0.255701 0.003756 
57 0.025156 0.000000 -0.778983 19.926284 0.000000 -0.312204 0.007114 
58 0.929500 0.000000 0.105875 19.817986 0.000000 -0.528494 0.017420 
59 0.025156 0.000000 0.990734 20.076152 -0.000000 -0.073659 -0.007643 
60 2.738188 0.000000 2.760450 20.013735 -0.000000 -0.379341 -0.001734 
61 4.546875 0.000000 2.760450 20.001540 -0.000000 -0.374960 -0.000505 
62 2.738188 0.000000 4.530167 20.008381 -0.000000 -0.320318 -0.001095 
63 1.833844 0.000000 0.105875 19.954241 0.000001 -0.545815 0.003826 
64 1.833844 0.000000 -0.778983 19.954895 0.000000 -0.414771 0.004075 
65 2.738188 0.000000 0.105875 19.980815 0.000001 -0.527735 0.001221 
66 1.833844 0.000000 0.990734 19.998646 -0.000000 -0.299906 -0.000089 
67 0.025156 0.000000 1.875592 20.108812 -0.000000 -0.293328 -0.011126 
68 -0.879187 0.000000 1.875592 20.036163 -0.000000 -0.266340 -0.003797 
69 0.929500 0.000000 1.875592 20.110444 -0.000000 -0.441025 -0.011561 
70 0.025156 0.000000 2.760450 20.051576 -0.000000 -0.310613 -0.005405 
71 0.477328 0.000000 0.548304 19.423510 0.000000 -0.274207 0.056630 
72 0.025156 0.000000 0.548304 19.852935 0.000000 -0.135354 0.014607 
73 0.477328 0.000000 0.105875 19.767086 0.000000 -0.375303 0.022804 
74 0.929500 0.000000 0.548304 19.733913 0.000000 -0.830541 0.024707 
75 0.477328 0.000000 0.990734 20.010042 -0.000000 0.045478 -0.001010 
76 1.833844 0.000000 1.875592 20.031431 -0.000000 -0.450426 -0.003653 
77 2.738188 0.000000 1.875592 20.010065 -0.000000 -0.438475 -0.001487 
78 1.833844 0.000000 2.760450 20.030377 -0.000000 -0.376247 -0.003394 
79 1.381672 0.000000 0.548304 19.986596 0.000001 -0.626660 0.000358 
80 1.381672 0.000000 0.105875 19.916756 0.000000 -0.555739 0.007535 
81 1.833844 0.000000 0.548304 19.978052 0.000001 -0.562698 0.001402 
82 1.381672 0.000000 0.990734 19.796698 -0.000000 -0.284875 0.020024 
1 1 12 10 11 
2 12 7 13 10 
3 11 10 14 6 
4 7 16 15 13 
5 16 2 17 15 
6 15 17 8 18 
7 6 14 19 20 
8 19 21 9 22 
9 20 19 22 4 
10 10 25 23 24 
11 25 13 26 23 
12 24 23 27 14 
13 18 8 29 28 
14 28 29 3 30 
15 21 28 30 9 
16 13 32 31 26 
17 32 15 33 31 
18 31 33 18 34 
19 14 27 35 36 
20 35 37 21 38 
21 36 35 38 19 
22 23 41 39 40 
23 41 26 42 39 
24 40 39 43 27 
25 34 18 45 44 
26 44 45 28 46 
27 37 44 46 21 
28 26 48 47 42 
29 48 31 49 47 
30 47 49 34 50 
31 27 43 51 52 
32 51 53 37 54 
33 52 51 54 35 
34 39 57 55 56 
35 57 42 58 55 
36 56 55 59 43 
37 50 34 61 60 
38 60 61 44 62 
39 53 60 62 37 
40 42 64 63 58 
41 64 47 65 63 
42 63 65 50 66 
43 43 59 67 68 
44 59 5 69 67 
45 67 69 53 70 
46 68 67 70 51 
47 55 73 71 72 
48 73 58 74 71 
49 71 74 5 75 
50 72 71 75 59 
51 5 66 76 69 
52 66 50 77 76 
53 76 77 60 78 
54 69 76 78 53 
55 58 80 79 74 
56 80 63 81 79 
57 79 81 66 82 
58 74 79 82 5 
