2 0.000000 20.000000 82.066944
82 58 
1 -13.540000 0.000000 -13.167000 19.987592 0.000000 -0.696623 0.000027 
2 15.399000 0.000000 -13.167000 19.987382 0.000000 -0.699099 0.000040 
3 15.399000 0.000000 15.148467 19.987961 -0.000000 -0.700926 -0.000025 
4 -13.540000 0.000000 15.148467 19.988196 -0.000000 -0.699208 -0.000042 
5 0.929500 0.000000 0.990734 19.822988 -0.000000 -2.249419 0.004973 
6 -13.540000 0.000000 0.990734 19.988071 -0.000000 -0.697518 -0.000024 
7 0.929500 0.000000 -13.167000 19.986874 0.000000 -0.695540 0.000103 
8 15.399000 0.000000 0.990734 19.987627 -0.000000 -0.698339 0.000018 
9 0.929500 0.000000 15.148467 19.988620 -0.000000 -0.702392 -0.000096 
10 -6.305250 0.000000 -6.088133 19.986793 0.000000 -0.694952 0.000113 
11 -13.540000 0.000000 -6.088133 19.987668 0.000000 -0.696995 0.000018 
12 -6.305250 0.000000 -13.167000 19.987243 0.000000 -0.695575 0.000066 
13 0.929500 0.000000 -6.088133 19.983749 0.000000 -0.695499 0.000415 
14 -6.305250 0.000000 0.990734 19.988978 -0.000000 -0.696022 -0.000109 
15 8.164250 0.000000 -6.088133 19.986066 0.000000 -0.704747 0.000151 
16 8.164250 0.000000 -13.167000 19.987066 0.000000 -0.697562 0.000077 
17 15.399000 0.000000 -6.088133 19.987065 0.000000 -0.706852 0.000044 
18 8.164250 0.000000 0.990734 19.992332 -0.000000 -0.551559 0.000006 
19 -6.305250 0.000000 8.069600 19.989444 -0.000000 -0.700541 -0.000172 
20 -13.540000 0.000000 8.069600 19.988313 -0.000000 -0.698347 -0.000051 
21 0.929500 0.000000 8.069600 19.991051 -0.000000 -0.708490 -0.000360 
22 -6.305250 0.000000 15.148467 19.988498 -0.000000 -0.700804 -0.000078 
23 -2.687875 0.000000 -2.548700 19.983229 0.000000 -0.690650 0.000484 
24 -6.305250 0.000000 -2.548700 19.987170 0.000000 -0.695228 0.000074 
25 -2.687875 0.000000 -6.088133 19.985241 0.000000 -0.693354 0.000273 
26 0.929500 0.000000 -2.548700 19.971063 0.000000 -0.703938 0.001653 
27 -2.687875 0.000000 0.990734 19.993671 -0.000000 -0.689710 -0.000556 
28 8.164250 0.000000 8.069600 19.988430 -0.000000 -0.706947 -0.000093 
29 15.399000 0.000000 8.069600 19.987742 -0.000000 -0.705014 -0.000017 
30 8.164250 0.000000 15.148467 19.988263 -0.000000 -0.701936 -0.000058 
31 4.546875 0.000000 -2.548700 19.981304 0.000000 -0.727303 0.000546 
32 4.546875 0.000000 -6.088133 19.984729 0.000000 -0.701351 0.000297 
33 8.164250 0.000000 -2.548700 19.985020 0.000000 -0.731526 0.000160 
34 4.546875 0.000000 0.990734 19.994045 -0.000000 -0.470648 0.000042 
35 -2.687875 0.000000 4.530167 19.994640 -0.000000 -0.703716 -0.000702 
36 -6.305250 0.000000 4.530167 19.989956 -0.000000 -0.698372 -0.000215 
37 0.929500 0.000000 4.530167 19.999415 -0.000000 -0.724783 -0.001255 
38 -2.687875 0.000000 8.069600 19.990674 -0.000000 -0.704303 -0.000308 
39 -0.879187 0.000000 -0.778983 19.964525 0.000000 -0.676390 0.002401 
40 -2.687875 0.000000 -0.778983 19.985137 0.000000 -0.688895 0.000299 
41 -0.879187 0.000000 -2.548700 19.976387 0.000000 -0.690007 0.001170 
42 0.929500 0.000000 -0.778983 19.922955 0.000000 -0.744495 0.006304 
43 -0.879187 0.000000 0.990734 20.018441 -0.000000 -0.655909 -0.002921 
44 4.546875 0.000000 4.530167 19.990127 -0.000000 -0.725277 -0.000328 
45 8.164250 0.000000 4.530167 19.987650 -0.000000 -0.721378 -0.000066 
46 4.546875 0.000000 8.069600 19.989606 -0.000000 -0.708572 -0.000216 
47 2.738188 0.000000 -0.778983 19.966175 0.000000 -0.789851 0.001820 
48 2.738188 0.000000 -2.548700 19.976023 0.000000 -0.720698 0.001098 
49 4.546875 0.000000 -0.778983 19.978940 0.000000 -0.792644 0.000534 
50 2.738188 0.000000 0.990734 19.996512 -0.000000 -0.459165 -0.000178 
51 -0.879187 0.000000 2.760450 20.016927 -0.000000 -0.711712 -0.002960 
52 -2.687875 0.000000 2.760450 19.997220 -0.000000 -0.697689 -0.000939 
53 0.929500 0.000000 2.760450 20.025192 -0.000000 -0.763632 -0.003979 
54 -0.879187 0.000000 4.530167 19.999033 -0.000000 -0.713307 -0.001175 
55 0.025156 0.000000 0.105875 19.883569 0.000000 -0.639652 0.010586 
56 -0.879187 0.000000 0.105875 19.974610 0.000000 -0.657983 0.001455 
57 0.025156 0.000000 -0.778983 19.933707 0.000000 -0.688519 0.005433 
58 0.929500 0.000000 0.105875 19.838408 0.000000 -0.852951 0.014275 
59 0.025156 0.000000 0.990734 20.068791 -0.000000 -0.545470 -0.007635 
60 2.738188 0.000000 2.760450 19.995770 -0.000000 -0.767377 -0.001049 
61 4.546875 0.000000 2.760450 19.987993 -0.000000 -0.759913 -0.000243 
62 2.738188 0.000000 4.530167 19.994086 -0.000000 -0.727349 -0.000731 
63 1.833844 0.000000 0.105875 19.948953 0.000000 -0.856273 0.003265 
64 1.833844 0.000000 -0.778983 19.948571 0.000000 -0.781011 0.003611 
65 2.738188 0.000000 0.105875 19.967449 0.000000 -0.840672 0.001486 
66 1.833844 0.000000 0.990734 19.981365 -0.000000 -0.470788 0.001309 
67 0.025156 0.000000 1.875592 20.077267 -0.000000 -0.731103 -0.009078 
68 -0.879187 0.000000 1.875592 20.029976 -0.000000 -0.692336 -0.004198 
69 0.929500 0.000000 1.875592 20.053609 -0.000000 -0.829476 -0.007088 
70 0.025156 0.000000 2.760450 20.029873 -0.000000 -0.735787 -0.004343 
71 0.477328 0.000000 0.548304 19.540266 0.000000 -0.633887 0.044441 
72 0.025156 0.000000 0.548304 19.900679 0.000000 -0.553428 0.009142 
73 0.477328 0.000000 0.105875 19.802096 0.000000 -0.726031 0.018375 
74 0.929500 0.000000 0.548304 19.773517 0.000000 -1.076617 0.019622 
75 0.477328 0.000000 0.990734 19.949227 -0.000000 0.044620 0.005066 
76 1.833844 0.000000 1.875592 19.999596 -0.000000 -0.802475 -0.001570 
77 2.738188 0.000000 1.875592 19.992602 -0.000000 -0.790543 -0.000823 
78 1.833844 0.000000 2.760450 20.007320 -0.000000 -0.771300 -0.002219 
79 1.381672 0.000000 0.548304 20.001887 0.000000 -0.846897 -0.001982 
80 1.381672 0.000000 0.105875 19.921886 0.000000 -0.869362 0.005907 
81 1.833844 0.000000 0.548304 19.972191 0.000000 -0.782440 0.001248 
82 1.381672 0.000000 0.990734 19.691430 -0.000000 -0.409011 0.030201 
1 1 12 10 11 
2 12 7 13 10 
3 11 10 14 6 
4 7 16 15 13 
5 16 2 17 15 
6 15 17 8 18 
7 6 14 19 20 
8 19 21 9 22 
9 20 19 22 4 
10 10 25 23 24 
11 25 13 26 23 
12 24 23 27 14 
13 18 8 29 28 
14 28 29 3 30 
15 21 28 30 9 
16 13 32 31 26 
17 32 15 33 31 
18 31 33 18 34 
19 14 27 35 36 
20 35 37 21 38 
21 36 35 38 19 
22 23 41 39 40 
23 41 26 42 39 
24 40 39 43 27 
25 34 18 45 44 
26 44 45 28 46 
27 37 44 46 21 
28 26 48 47 42 
29 48 31 49 47 
30 47 49 34 50 
31 27 43 51 52 
32 51 53 37 54 
33 52 51 54 35 
34 39 57 55 56 
35 57 42 58 55 
36 56 55 59 43 
37 50 34 61 60 
38 60 61 44 62 
39 53 60 62 37 
40 42 64 63 58 
41 64 47 65 63 
42 63 65 50 66 
43 43 59 67 68 
44 59 5 69 67 
45 67 69 53 70 
46 68 67 70 51 
47 55 73 71 72 
48 73 58 74 71 
49 71 74 5 75 
50 72 71 75 59 
51 5 66 76 69 
52 66 50 77 76 
53 76 77 60 78 
54 69 76 78 53 
55 58 80 79 74 
56 80 63 81 79 
57 79 81 66 82 
58 74 79 82 5 
