2 0.000000 20.000000 82.066944
82 58 
1 -13.540000 0.000000 -13.167000 19.999499 -0.000000 0.001399 0.000050 
2 15.399000 0.000000 -13.167000 19.999371 0.000000 -0.002416 0.000063 
3 15.399000 0.000000 15.148467 20.000452 -0.000003 -0.004443 -0.000045 
4 -13.540000 0.000000 15.148467 20.000669 -0.000000 -0.001197 -0.000067 
5 0.929500 0.000000 0.990734 19.779811 -0.000031 -2.244494 0.009303 
6 -13.540000 0.000000 0.990734 20.000273 -0.000000 0.000804 -0.000027 
7 0.929500 0.000000 -13.167000 19.998254 -0.000000 0.001721 0.000175 
8 15.399000 0.000000 0.990734 19.999794 -0.000981 -0.125243 -0.000019 
9 0.929500 0.000000 15.148467 20.001638 -0.000002 -0.005151 -0.000164 
10 -6.305250 0.000000 -6.088133 19.997903 -0.000000 0.003200 0.000210 
11 -13.540000 0.000000 -6.088133 19.999603 -0.000000 0.001148 0.000040 
12 -6.305250 0.000000 -13.167000 19.998843 -0.000000 0.002302 0.000116 
13 0.929500 0.000000 -6.088133 19.992910 0.000004 -0.000589 0.000709 
14 -6.305250 0.000000 0.990734 20.001254 -0.000001 0.003364 -0.000125 
15 8.164250 0.000000 -6.088133 19.997574 0.000008 -0.012097 0.000242 
16 8.164250 0.000000 -13.167000 19.998744 0.000000 -0.000827 0.000126 
17 15.399000 0.000000 -6.088133 19.999326 0.000007 -0.013547 0.000067 
18 8.164250 0.000000 0.990734 19.999277 -0.000979 -0.127271 0.000032 
19 -6.305250 0.000000 8.069600 20.002737 -0.000002 -0.002438 -0.000274 
20 -13.540000 0.000000 8.069600 20.000767 -0.000000 -0.000217 -0.000077 
21 0.929500 0.000000 8.069600 20.006252 -0.000009 -0.013501 -0.000626 
22 -6.305250 0.000000 15.148467 20.001283 -0.000001 -0.002944 -0.000128 
23 -2.687875 0.000000 -2.548700 19.990957 0.000003 0.008043 0.000904 
24 -6.305250 0.000000 -2.548700 19.998347 -0.000000 0.003516 0.000165 
25 -2.687875 0.000000 -6.088133 19.995157 0.000001 0.004082 0.000484 
26 0.929500 0.000000 -2.548700 19.971758 0.000075 -0.018988 0.002821 
27 -2.687875 0.000000 0.990734 20.006441 -0.000006 0.014320 -0.000645 
28 8.164250 0.000000 8.069600 20.001707 -0.000018 -0.014733 -0.000171 
29 15.399000 0.000000 8.069600 20.000356 -0.000019 -0.013169 -0.000036 
30 8.164250 0.000000 15.148467 20.001031 -0.000003 -0.005282 -0.000103 
31 4.546875 0.000000 -2.548700 19.991087 0.000087 -0.050497 0.000885 
32 4.546875 0.000000 -6.088133 19.995095 0.000007 -0.008466 0.000490 
33 8.164250 0.000000 -2.548700 19.997487 0.000089 -0.052487 0.000244 
34 4.546875 0.000000 0.990734 19.997555 -0.000810 -0.135072 0.000199 
35 -2.687875 0.000000 4.530167 20.011271 -0.000008 -0.005319 -0.001128 
36 -6.305250 0.000000 4.530167 20.003244 -0.000002 0.000295 -0.000324 
37 0.929500 0.000000 4.530167 20.022258 -0.000061 -0.038354 -0.002231 
38 -2.687875 0.000000 8.069600 20.005118 -0.000004 -0.006920 -0.000512 
39 -0.879187 0.000000 -0.778983 19.956281 0.000042 0.025464 0.004366 
40 -2.687875 0.000000 -0.778983 19.993023 0.000002 0.012631 0.000697 
41 -0.879187 0.000000 -2.548700 19.979299 0.000014 0.005269 0.002069 
42 0.929500 0.000000 -0.778983 19.892711 0.000216 -0.094897 0.010678 
43 -0.879187 0.000000 0.990734 20.035554 -0.000026 0.071958 -0.003571 
44 4.546875 0.000000 4.530167 20.006026 -0.000095 -0.047731 -0.000608 
45 8.164250 0.000000 4.530167 20.001328 -0.000103 -0.044820 -0.000138 
46 4.546875 0.000000 8.069600 20.003856 -0.000015 -0.015701 -0.000386 
47 2.738188 0.000000 -0.778983 19.968898 0.000515 -0.165123 0.003040 
48 2.738188 0.000000 -2.548700 19.981693 0.000098 -0.042849 0.001825 
49 4.546875 0.000000 -0.778983 19.991229 0.000618 -0.162443 0.000811 
50 2.738188 0.000000 0.990734 19.990193 -0.000912 -0.158257 0.000918 
51 -0.879187 0.000000 2.760450 20.048103 -0.000074 -0.012351 -0.004816 
52 -2.687875 0.000000 2.760450 20.014147 -0.000009 0.003244 -0.001415 
53 0.929500 0.000000 2.760450 20.072570 -0.000179 -0.104312 -0.007297 
54 -0.879187 0.000000 4.530167 20.019848 -0.000020 -0.018146 -0.001987 
55 0.025156 0.000000 0.105875 19.813895 0.000150 0.072085 0.018511 
56 -0.879187 0.000000 0.105875 19.966758 0.000022 0.059097 0.003313 
57 0.025156 0.000000 -0.778983 19.906315 -0.000379 -0.002506 0.009347 
58 0.929500 0.000000 0.105875 19.745283 0.000589 -0.284863 0.025107 
59 0.025156 0.000000 0.990734 20.130752 -0.000068 0.278639 -0.013312 
60 2.738188 0.000000 2.760450 20.019321 -0.000358 -0.130642 -0.001976 
61 4.546875 0.000000 2.760450 20.004415 -0.000440 -0.123179 -0.000479 
62 2.738188 0.000000 4.530167 20.013291 -0.000079 -0.047783 -0.001335 
63 1.833844 0.000000 0.105875 19.929876 0.001032 -0.331872 0.006725 
64 1.833844 0.000000 -0.778983 19.937334 0.000372 -0.153087 0.006198 
65 2.738188 0.000000 0.105875 19.973669 0.001471 -0.309782 0.002391 
66 1.833844 0.000000 0.990734 19.993868 -0.000862 -0.193448 0.000520 
67 0.025156 0.000000 1.875592 20.155549 -0.000156 -0.035702 -0.015619 
68 -0.879187 0.000000 1.875592 20.064514 -0.000065 0.018818 -0.006463 
69 0.929500 0.000000 1.875592 20.150816 -0.000443 -0.226001 -0.015266 
70 0.025156 0.000000 2.760450 20.074552 -0.000119 -0.049786 -0.007475 
71 0.477328 0.000000 0.548304 19.233107 0.000398 0.043455 0.075214 
72 0.025156 0.000000 0.548304 19.827908 0.000105 0.231591 0.017001 
73 0.477328 0.000000 0.105875 19.687801 0.000341 -0.076594 0.030962 
74 0.929500 0.000000 0.548304 19.627257 0.000806 -0.635483 0.035917 
75 0.477328 0.000000 0.990734 19.991229 -0.000024 0.046154 0.000872 
76 1.833844 0.000000 1.875592 20.045033 -0.000715 -0.248369 -0.004663 
77 2.738188 0.000000 1.875592 20.014047 -0.000934 -0.229673 -0.001537 
78 1.833844 0.000000 2.760450 20.042109 -0.000277 -0.130432 -0.004258 
79 1.381672 0.000000 0.548304 19.938123 0.000946 -0.439143 0.005696 
80 1.381672 0.000000 0.105875 19.873452 0.000805 -0.335704 0.012333 
81 1.833844 0.000000 0.548304 19.959704 0.001101 -0.367697 0.003688 
82 1.381672 0.000000 0.990734 19.850041 -0.000614 -0.209586 0.014830 
1 1 12 10 11 
2 12 7 13 10 
3 11 10 14 6 
4 7 16 15 13 
5 16 2 17 15 
6 15 17 8 18 
7 6 14 19 20 
8 19 21 9 22 
9 20 19 22 4 
10 10 25 23 24 
11 25 13 26 23 
12 24 23 27 14 
13 18 8 29 28 
14 28 29 3 30 
15 21 28 30 9 
16 13 32 31 26 
17 32 15 33 31 
18 31 33 18 34 
19 14 27 35 36 
20 35 37 21 38 
21 36 35 38 19 
22 23 41 39 40 
23 41 26 42 39 
24 40 39 43 27 
25 34 18 45 44 
26 44 45 28 46 
27 37 44 46 21 
28 26 48 47 42 
29 48 31 49 47 
30 47 49 34 50 
31 27 43 51 52 
32 51 53 37 54 
33 52 51 54 35 
34 39 57 55 56 
35 57 42 58 55 
36 56 55 59 43 
37 50 34 61 60 
38 60 61 44 62 
39 53 60 62 37 
40 42 64 63 58 
41 64 47 65 63 
42 63 65 50 66 
43 43 59 67 68 
44 59 5 69 67 
45 67 69 53 70 
46 68 67 70 51 
47 55 73 71 72 
48 73 58 74 71 
49 71 74 5 75 
50 72 71 75 59 
51 5 66 76 69 
52 66 50 77 76 
53 76 77 60 78 
54 69 76 78 53 
55 58 80 79 74 
56 80 63 81 79 
57 79 81 66 82 
58 74 79 82 5 
