2 0.000000 20.000000 82.066944
82 58 
1 -13.540000 0.000000 -13.167000 19.996253 0.000000 0.353956 0.000061 
2 15.399000 0.000000 -13.167000 19.996186 0.000000 0.349501 0.000076 
3 15.399000 0.000000 15.148467 19.997542 -0.000000 0.347215 -0.000056 
4 -13.540000 0.000000 15.148467 19.997719 -0.000000 0.351352 -0.000081 
5 0.929500 0.000000 0.990734 19.751402 -0.000000 -2.241258 0.012147 
6 -13.540000 0.000000 0.990734 19.997184 -0.000000 0.353517 -0.000031 
7 0.929500 0.000000 -13.167000 19.994742 0.000000 0.353898 0.000213 
8 15.399000 0.000000 0.990734 20.003403 0.000001 -0.030122 -0.000343 
9 0.929500 0.000000 15.148467 19.998990 -0.000000 0.346974 -0.000200 
10 -6.305250 0.000000 -6.088133 19.994259 0.000000 0.355833 0.000257 
11 -13.540000 0.000000 -6.088133 19.996375 0.000000 0.353770 0.000050 
12 -6.305250 0.000000 -13.167000 19.995440 0.000000 0.354788 0.000141 
13 0.929500 0.000000 -6.088133 19.988289 0.000000 0.350431 0.000864 
14 -6.305250 0.000000 0.990734 19.998232 -0.000000 0.356632 -0.000141 
15 8.164250 0.000000 -6.088133 19.994212 0.000000 0.337921 0.000293 
16 8.164250 0.000000 -13.167000 19.995395 0.000000 0.351092 0.000152 
17 15.399000 0.000000 -6.088133 19.996356 0.000000 0.337020 0.000080 
18 8.164250 0.000000 0.990734 20.001760 -0.000001 0.028870 -0.000178 
19 -6.305250 0.000000 8.069600 20.000232 -0.000000 0.350155 -0.000330 
20 -13.540000 0.000000 8.069600 19.997811 -0.000000 0.352395 -0.000092 
21 0.929500 0.000000 8.069600 20.004811 -0.000000 0.337395 -0.000766 
22 -6.305250 0.000000 15.148467 19.998501 -0.000000 0.349520 -0.000156 
23 -2.687875 0.000000 -2.548700 19.985635 0.000000 0.360995 0.001110 
24 -6.305250 0.000000 -2.548700 19.994751 0.000000 0.356458 0.000207 
25 -2.687875 0.000000 -6.088133 19.990907 0.000000 0.356365 0.000592 
26 0.929500 0.000000 -2.548700 19.962924 0.000000 0.327181 0.003437 
27 -2.687875 0.000000 0.990734 20.003785 -0.000000 0.369987 -0.000721 
28 8.164250 0.000000 8.069600 19.999318 -0.000000 0.334436 -0.000211 
29 15.399000 0.000000 8.069600 19.997638 -0.000000 0.335472 -0.000045 
30 8.164250 0.000000 15.148467 19.998263 -0.000000 0.346505 -0.000126 
31 4.546875 0.000000 -2.548700 19.987102 0.000000 0.292121 0.001076 
32 4.546875 0.000000 -6.088133 19.991121 0.000000 0.341574 0.000596 
33 8.164250 0.000000 -2.548700 19.994924 0.000000 0.292107 0.000294 
34 4.546875 0.000000 0.990734 19.999777 -0.000001 0.029252 0.000020 
35 -2.687875 0.000000 4.530167 20.010565 -0.000000 0.347411 -0.001359 
36 -6.305250 0.000000 4.530167 20.000746 -0.000000 0.353186 -0.000387 
37 0.929500 0.000000 4.530167 20.025032 -0.000000 0.307946 -0.002742 
38 -2.687875 0.000000 8.069600 20.003235 -0.000000 0.345279 -0.000622 
39 -0.879187 0.000000 -0.778983 19.943021 0.000000 0.380191 0.005328 
40 -2.687875 0.000000 -0.778983 19.987836 0.000000 0.367040 0.000879 
41 -0.879187 0.000000 -2.548700 19.971558 0.000000 0.356550 0.002524 
42 0.929500 0.000000 -0.778983 19.868683 0.000000 0.233891 0.012952 
43 -0.879187 0.000000 0.990734 20.035447 -0.000000 0.439856 -0.004032 
44 4.546875 0.000000 4.530167 20.005410 -0.000000 0.292992 -0.000756 
45 8.164250 0.000000 4.530167 19.999579 -0.000000 0.294326 -0.000174 
46 4.546875 0.000000 8.069600 20.001962 -0.000000 0.333965 -0.000475 
47 2.738188 0.000000 -0.778983 19.962115 0.000000 0.152829 0.003727 
48 2.738188 0.000000 -2.548700 19.975480 0.000000 0.299825 0.002226 
49 4.546875 0.000000 -0.778983 19.989568 0.000000 0.160724 0.000978 
50 2.738188 0.000000 0.990734 19.993297 -0.000001 -0.001617 0.000670 
51 -0.879187 0.000000 2.760450 20.055096 -0.000000 0.340839 -0.005808 
52 -2.687875 0.000000 2.760450 20.013625 -0.000000 0.357298 -0.001682 
53 0.929500 0.000000 2.760450 20.088593 -0.000000 0.227824 -0.009009 
54 -0.879187 0.000000 4.530167 20.021390 -0.000000 0.332854 -0.002417 
55 0.025156 0.000000 0.105875 19.769967 0.000000 0.432108 0.022404 
56 -0.879187 0.000000 0.105875 19.953847 0.000000 0.421574 0.004166 
57 0.025156 0.000000 -0.778983 19.883648 0.000000 0.344660 0.011304 
58 0.929500 0.000000 0.105875 19.690184 0.000001 0.002923 0.030742 
59 0.025156 0.000000 0.990734 20.154168 -0.000000 0.695599 -0.016686 
60 2.738188 0.000000 2.760450 20.023913 -0.000000 0.187627 -0.002481 
61 4.546875 0.000000 2.760450 20.005269 -0.000000 0.192242 -0.000619 
62 2.738188 0.000000 4.530167 20.014353 -0.000000 0.294532 -0.001653 
63 1.833844 0.000000 0.105875 19.913488 0.000001 -0.064152 0.008622 
64 1.833844 0.000000 -0.778983 19.923220 0.000000 0.165454 0.007595 
65 2.738188 0.000000 0.105875 19.970631 0.000001 -0.035797 0.002932 
66 1.833844 0.000000 0.990734 19.998916 -0.000001 -0.057730 0.000100 
67 0.025156 0.000000 1.875592 20.187125 -0.000000 0.315386 -0.019049 
68 -0.879187 0.000000 1.875592 20.073303 -0.000000 0.378100 -0.007701 
69 0.929500 0.000000 1.875592 20.193249 -0.000000 0.077551 -0.019433 
70 0.025156 0.000000 2.760450 20.088721 -0.000000 0.296433 -0.009111 
71 0.477328 0.000000 0.548304 19.069069 0.000000 0.386198 0.090554 
72 0.025156 0.000000 0.548304 19.782634 0.000000 0.628821 0.020630 
73 0.477328 0.000000 0.105875 19.621499 0.000000 0.252059 0.037333 
74 0.929500 0.000000 0.548304 19.545797 0.000001 -0.412460 0.044479 
75 0.477328 0.000000 0.990734 20.005176 -0.000000 0.046906 -0.000523 
76 1.833844 0.000000 1.875592 20.062610 -0.000001 0.027582 -0.006273 
77 2.738188 0.000000 1.875592 20.020086 -0.000001 0.045608 -0.002015 
78 1.833844 0.000000 2.760450 20.052214 -0.000000 0.191319 -0.005320 
79 1.381672 0.000000 0.548304 19.899762 0.000001 -0.232472 0.009864 
80 1.381672 0.000000 0.105875 19.841644 0.000001 -0.064581 0.015762 
81 1.833844 0.000000 0.548304 19.948497 0.000001 -0.155198 0.005083 
82 1.381672 0.000000 0.990734 19.928441 -0.000001 -0.113988 0.007111 
1 1 12 10 11 
2 12 7 13 10 
3 11 10 14 6 
4 7 16 15 13 
5 16 2 17 15 
6 15 17 8 18 
7 6 14 19 20 
8 19 21 9 22 
9 20 19 22 4 
10 10 25 23 24 
11 25 13 26 23 
12 24 23 27 14 
13 18 8 29 28 
14 28 29 3 30 
15 21 28 30 9 
16 13 32 31 26 
17 32 15 33 31 
18 31 33 18 34 
19 14 27 35 36 
20 35 37 21 38 
21 36 35 38 19 
22 23 41 39 40 
23 41 26 42 39 
24 40 39 43 27 
25 34 18 45 44 
26 44 45 28 46 
27 37 44 46 21 
28 26 48 47 42 
29 48 31 49 47 
30 47 49 34 50 
31 27 43 51 52 
32 51 53 37 54 
33 52 51 54 35 
34 39 57 55 56 
35 57 42 58 55 
36 56 55 59 43 
37 50 34 61 60 
38 60 61 44 62 
39 53 60 62 37 
40 42 64 63 58 
41 64 47 65 63 
42 63 65 50 66 
43 43 59 67 68 
44 59 5 69 67 
45 67 69 53 70 
46 68 67 70 51 
47 55 73 71 72 
48 73 58 74 71 
49 71 74 5 75 
50 72 71 75 59 
51 5 66 76 69 
52 66 50 77 76 
53 76 77 60 78 
54 69 76 78 53 
55 58 80 79 74 
56 80 63 81 79 
57 79 81 66 82 
58 74 79 82 5 
