2 0.000000 20.000000 82.066944
82 58 
1 -13.540000 0.000000 -13.167000 19.924005 0.000000 -1.743133 -0.000011 
2 15.399000 0.000000 -13.167000 19.924051 0.000000 -1.742367 -0.000009 
3 15.399000 0.000000 15.148467 19.923829 -0.000000 -1.742574 0.000011 
4 -13.540000 0.000000 15.148467 19.923796 -0.000000 -1.743137 0.000010 
5 0.929500 0.000000 0.990734 19.885877 -0.000000 -2.256593 -0.001351 
6 -13.540000 0.000000 0.990734 19.923903 0.000000 -1.743257 -0.000002 
7 0.929500 0.000000 -13.167000 19.924231 0.000000 -1.742785 -0.000031 
8 15.399000 0.000000 0.990734 19.931225 -0.000000 -1.659002 -0.000015 
9 0.929500 0.000000 15.148467 19.923606 -0.000000 -1.742827 0.000031 
10 -6.305250 0.000000 -6.088133 19.924339 0.000000 -1.743189 -0.000045 
11 -13.540000 0.000000 -6.088133 19.924005 0.000000 -1.743200 -0.000012 
12 -6.305250 0.000000 -13.167000 19.924126 0.000000 -1.743053 -0.000023 
13 0.929500 0.000000 -6.088133 19.925223 0.000000 -1.741804 -0.000121 
14 -6.305250 0.000000 0.990734 19.923916 0.000000 -1.743695 -0.000007 
15 8.164250 0.000000 -6.088133 19.924511 0.000000 -1.740184 -0.000036 
16 8.164250 0.000000 -13.167000 19.924151 0.000000 -1.742498 -0.000020 
17 15.399000 0.000000 -6.088133 19.924284 0.000000 -1.739565 -0.000008 
18 8.164250 0.000000 0.990734 19.949238 -0.000000 -1.451999 -0.000201 
19 -6.305250 0.000000 8.069600 19.923495 -0.000000 -1.743199 0.000039 
20 -13.540000 0.000000 8.069600 19.923800 -0.000000 -1.743202 0.000009 
21 0.929500 0.000000 8.069600 19.922741 -0.000000 -1.741941 0.000125 
22 -6.305250 0.000000 15.148467 19.923688 -0.000000 -1.743066 0.000021 
23 -2.687875 0.000000 -2.548700 19.925695 0.000000 -1.743407 -0.000182 
24 -6.305250 0.000000 -2.548700 19.924338 0.000000 -1.743462 -0.000047 
25 -2.687875 0.000000 -6.088133 19.924820 0.000000 -1.742866 -0.000090 
26 0.929500 0.000000 -2.548700 19.929011 0.000000 -1.737937 -0.000465 
27 -2.687875 0.000000 0.990734 19.923863 0.000000 -1.745537 -0.000018 
28 8.164250 0.000000 8.069600 19.923633 -0.000000 -1.740924 0.000045 
29 15.399000 0.000000 8.069600 19.923940 -0.000000 -1.741221 0.000012 
30 8.164250 0.000000 15.148467 19.923711 -0.000000 -1.742608 0.000023 
31 4.546875 0.000000 -2.548700 19.926269 0.000000 -1.731921 -0.000139 
32 4.546875 0.000000 -6.088133 19.924905 0.000000 -1.740689 -0.000080 
33 8.164250 0.000000 -2.548700 19.925374 0.000000 -1.729678 -0.000031 
34 4.546875 0.000000 0.990734 19.976812 -0.000000 -1.130939 -0.000880 
35 -2.687875 0.000000 4.530167 19.922241 -0.000000 -1.743402 0.000162 
36 -6.305250 0.000000 4.530167 19.923500 -0.000000 -1.743463 0.000036 
37 0.929500 0.000000 4.530167 19.919314 -0.000000 -1.738350 0.000498 
38 -2.687875 0.000000 8.069600 19.923060 -0.000000 -1.742903 0.000085 
39 -0.879187 0.000000 -0.778983 19.931680 0.000000 -1.744293 -0.000786 
40 -2.687875 0.000000 -0.778983 19.925708 0.000000 -1.744562 -0.000193 
41 -0.879187 0.000000 -2.548700 19.927579 0.000000 -1.742066 -0.000358 
42 0.929500 0.000000 -0.778983 19.942283 0.000000 -1.724857 -0.001674 
43 -0.879187 0.000000 0.990734 19.922511 -0.000000 -1.754202 0.000041 
44 4.546875 0.000000 4.530167 19.922826 -0.000000 -1.734172 0.000184 
45 8.164250 0.000000 4.530167 19.924085 -0.000000 -1.735371 0.000048 
46 4.546875 0.000000 8.069600 19.923162 -0.000000 -1.741061 0.000091 
47 2.738188 0.000000 -0.778983 19.933114 0.000000 -1.703063 -0.000574 
48 2.738188 0.000000 -2.548700 19.927802 0.000000 -1.733761 -0.000308 
49 4.546875 0.000000 -0.778983 19.929124 0.000000 -1.696140 -0.000117 
50 2.738188 0.000000 0.990734 19.993751 -0.000000 -0.944598 -0.001606 
51 -0.879187 0.000000 2.760450 19.916732 -0.000000 -1.743859 0.000707 
52 -2.687875 0.000000 2.760450 19.922172 -0.000000 -1.744475 0.000160 
53 0.929500 0.000000 2.760450 19.906192 -0.000000 -1.725380 0.001916 
54 -0.879187 0.000000 4.530167 19.920533 -0.000000 -1.742148 0.000343 
55 0.025156 0.000000 0.105875 19.954757 0.000000 -1.744679 -0.003091 
56 -0.879187 0.000000 0.105875 19.932111 0.000000 -1.750015 -0.000879 
57 0.025156 0.000000 -0.778983 19.938473 0.000000 -1.738425 -0.001412 
58 0.929500 0.000000 0.105875 19.977397 0.000000 -1.701151 -0.004976 
59 0.025156 0.000000 0.990734 19.900775 -0.000000 -1.797531 0.001820 
60 2.738188 0.000000 2.760450 19.919358 -0.000000 -1.707294 0.000761 
61 4.546875 0.000000 2.760450 19.924583 -0.000000 -1.711083 0.000208 
62 2.738188 0.000000 4.530167 19.920912 -0.000000 -1.734795 0.000369 
63 1.833844 0.000000 0.105875 19.960942 0.000000 -1.621057 -0.002668 
64 1.833844 0.000000 -0.778983 19.938830 0.000000 -1.710385 -0.001206 
65 2.738188 0.000000 0.105875 19.940220 0.000000 -1.606390 -0.000482 
66 1.833844 0.000000 0.990734 19.946794 -0.000000 -0.860200 0.003464 
67 0.025156 0.000000 1.875592 19.897933 -0.000000 -1.741928 0.002595 
68 -0.879187 0.000000 1.875592 19.915510 -0.000000 -1.748352 0.000789 
69 0.929500 0.000000 1.875592 19.859704 -0.000000 -1.695804 0.006791 
70 0.025156 0.000000 2.760450 19.910697 -0.000000 -1.738600 0.001353 
71 0.477328 0.000000 0.548304 20.035289 0.000000 -1.685028 -0.010630 
72 0.025156 0.000000 0.548304 19.963277 0.000000 -1.774758 -0.004205 
73 0.477328 0.000000 0.105875 19.967749 0.000000 -1.723244 -0.004201 
74 0.929500 0.000000 0.548304 20.007702 0.000000 -1.739527 -0.008335 
75 0.477328 0.000000 0.990734 19.879749 0.000000 0.042161 0.011985 
76 1.833844 0.000000 1.875592 19.892708 -0.000000 -1.605609 0.004255 
77 2.738188 0.000000 1.875592 19.924848 -0.000000 -1.615646 0.000975 
78 1.833844 0.000000 2.760450 19.910954 -0.000000 -1.710687 0.001569 
79 1.381672 0.000000 0.548304 20.086943 0.000000 -1.464562 -0.014076 
80 1.381672 0.000000 0.105875 19.983325 0.000000 -1.653040 -0.005165 
81 1.833844 0.000000 0.548304 19.973610 0.000000 -1.412942 -0.002354 
82 1.381672 0.000000 0.990734 19.423992 -0.000000 -0.676389 0.055628 
1 1 12 10 11 
2 12 7 13 10 
3 11 10 14 6 
4 7 16 15 13 
5 16 2 17 15 
6 15 17 8 18 
7 6 14 19 20 
8 19 21 9 22 
9 20 19 22 4 
10 10 25 23 24 
11 25 13 26 23 
12 24 23 27 14 
13 18 8 29 28 
14 28 29 3 30 
15 21 28 30 9 
16 13 32 31 26 
17 32 15 33 31 
18 31 33 18 34 
19 14 27 35 36 
20 35 37 21 38 
21 36 35 38 19 
22 23 41 39 40 
23 41 26 42 39 
24 40 39 43 27 
25 34 18 45 44 
26 44 45 28 46 
27 37 44 46 21 
28 26 48 47 42 
29 48 31 49 47 
30 47 49 34 50 
31 27 43 51 52 
32 51 53 37 54 
33 52 51 54 35 
34 39 57 55 56 
35 57 42 58 55 
36 56 55 59 43 
37 50 34 61 60 
38 60 61 44 62 
39 53 60 62 37 
40 42 64 63 58 
41 64 47 65 63 
42 63 65 50 66 
43 43 59 67 68 
44 59 5 69 67 
45 67 69 53 70 
46 68 67 70 51 
47 55 73 71 72 
48 73 58 74 71 
49 71 74 5 75 
50 72 71 75 59 
51 5 66 76 69 
52 66 50 77 76 
53 76 77 60 78 
54 69 76 78 53 
55 58 80 79 74 
56 80 63 81 79 
57 79 81 66 82 
58 74 79 82 5 
