2 0.000000 20.000000 82.066944
82 58 
1 -13.540000 0.000000 -13.167000 19.996315 -0.000000 0.350466 0.000061 
2 15.399000 0.000000 -13.167000 19.996248 -0.000001 0.346017 0.000076 
3 15.399000 0.000000 15.148467 19.997602 -0.000004 0.343733 -0.000056 
4 -13.540000 0.000000 15.148467 19.997779 -0.000000 0.347862 -0.000080 
5 0.929500 0.000000 0.990734 19.751806 -0.000038 -2.241304 0.012107 
6 -13.540000 0.000000 0.990734 19.997246 -0.000001 0.350026 -0.000031 
7 0.929500 0.000000 -13.167000 19.994807 -0.000000 0.350411 0.000212 
8 15.399000 0.000000 0.990734 20.003355 0.001657 -0.031127 -0.000338 
9 0.929500 0.000000 15.148467 19.999047 -0.000002 0.343487 -0.000200 
10 -6.305250 0.000000 -6.088133 19.994325 -0.000001 0.352343 0.000257 
11 -13.540000 0.000000 -6.088133 19.996437 -0.000000 0.350279 0.000050 
12 -6.305250 0.000000 -13.167000 19.995504 -0.000000 0.351298 0.000141 
13 0.929500 0.000000 -6.088133 19.988365 0.000003 0.346957 0.000862 
14 -6.305250 0.000000 0.990734 19.998293 -0.000002 0.353135 -0.000141 
15 8.164250 0.000000 -6.088133 19.994275 0.000005 0.334457 0.000293 
16 8.164250 0.000000 -13.167000 19.995458 -0.000000 0.347608 0.000152 
17 15.399000 0.000000 -6.088133 19.996416 0.000004 0.333551 0.000080 
18 8.164250 0.000000 0.990734 20.001731 -0.001247 0.027477 -0.000175 
19 -6.305250 0.000000 8.069600 20.000288 -0.000002 0.346664 -0.000329 
20 -13.540000 0.000000 8.069600 19.997871 -0.000001 0.348904 -0.000091 
21 0.929500 0.000000 8.069600 20.004857 -0.000011 0.333918 -0.000765 
22 -6.305250 0.000000 15.148467 19.998559 -0.000001 0.346030 -0.000155 
23 -2.687875 0.000000 -2.548700 19.985719 0.000001 0.357503 0.001108 
24 -6.305250 0.000000 -2.548700 19.994817 -0.000001 0.352965 0.000207 
25 -2.687875 0.000000 -6.088133 19.990979 0.000000 0.352878 0.000591 
26 0.929500 0.000000 -2.548700 19.963050 0.000073 0.323765 0.003430 
27 -2.687875 0.000000 0.990734 20.003847 -0.000008 0.366468 -0.000721 
28 8.164250 0.000000 8.069600 19.999372 -0.000023 0.330974 -0.000211 
29 15.399000 0.000000 8.069600 19.997695 -0.000026 0.332016 -0.000045 
30 8.164250 0.000000 15.148467 19.998321 -0.000004 0.343022 -0.000126 
31 4.546875 0.000000 -2.548700 19.987173 0.000084 0.288753 0.001074 
32 4.546875 0.000000 -6.088133 19.991191 0.000005 0.338110 0.000595 
33 8.164250 0.000000 -2.548700 19.994979 0.000080 0.288719 0.000294 
34 4.546875 0.000000 0.990734 19.999701 -0.000643 0.027138 0.000028 
35 -2.687875 0.000000 4.530167 20.010607 -0.000010 0.343918 -0.001357 
36 -6.305250 0.000000 4.530167 20.000803 -0.000003 0.349693 -0.000386 
37 0.929500 0.000000 4.530167 20.025046 -0.000069 0.304502 -0.002738 
38 -2.687875 0.000000 8.069600 20.003286 -0.000005 0.341791 -0.000621 
39 -0.879187 0.000000 -0.778983 19.943195 0.000038 0.376693 0.005318 
40 -2.687875 0.000000 -0.778983 19.987920 0.000000 0.363534 0.000877 
41 -0.879187 0.000000 -2.548700 19.971667 0.000013 0.353076 0.002520 
42 0.929500 0.000000 -0.778983 19.868979 0.000217 0.230656 0.012926 
43 -0.879187 0.000000 0.990734 20.035513 -0.000034 0.436230 -0.004030 
44 4.546875 0.000000 4.530167 20.005450 -0.000114 0.289587 -0.000755 
45 8.164250 0.000000 4.530167 19.999626 -0.000130 0.290938 -0.000174 
46 4.546875 0.000000 8.069600 20.002012 -0.000019 0.330499 -0.000474 
47 2.738188 0.000000 -0.778983 19.962252 0.000536 0.149813 0.003715 
48 2.738188 0.000000 -2.548700 19.975581 0.000097 0.296451 0.002221 
49 4.546875 0.000000 -0.778983 19.989623 0.000630 0.157691 0.000975 
50 2.738188 0.000000 0.990734 19.993498 -0.000792 -0.003356 0.000650 
51 -0.879187 0.000000 2.760450 20.055085 -0.000081 0.337342 -0.005801 
52 -2.687875 0.000000 2.760450 20.013666 -0.000011 0.353793 -0.001680 
53 0.929500 0.000000 2.760450 20.088499 -0.000197 0.224505 -0.008995 
54 -0.879187 0.000000 4.530167 20.021413 -0.000023 0.329374 -0.002414 
55 0.025156 0.000000 0.105875 19.770443 0.000147 0.428554 0.022365 
56 -0.879187 0.000000 0.105875 19.954028 0.000016 0.418003 0.004155 
57 0.025156 0.000000 -0.778983 19.883789 -0.000426 0.341039 0.011297 
58 0.929500 0.000000 0.105875 19.690822 0.000598 0.000074 0.030679 
59 0.025156 0.000000 0.990734 20.154011 -0.000077 0.691499 -0.016656 
60 2.738188 0.000000 2.760450 20.023938 -0.000409 0.184370 -0.002480 
61 4.546875 0.000000 2.760450 20.005302 -0.000357 0.189089 -0.000620 
62 2.738188 0.000000 4.530167 20.014381 -0.000094 0.291115 -0.001650 
63 1.833844 0.000000 0.105875 19.913868 0.001092 -0.066672 0.008584 
64 1.833844 0.000000 -0.778983 19.923440 0.000383 0.162369 0.007575 
65 2.738188 0.000000 0.105875 19.970818 0.001613 -0.038168 0.002912 
66 1.833844 0.000000 0.990734 19.999191 -0.000800 -0.059173 0.000072 
67 0.025156 0.000000 1.875592 20.186882 -0.000167 0.311901 -0.019019 
68 -0.879187 0.000000 1.875592 20.073282 -0.000074 0.374549 -0.007692 
69 0.929500 0.000000 1.875592 20.192932 -0.000470 0.074494 -0.019400 
70 0.025156 0.000000 2.760450 20.088662 -0.000132 0.292993 -0.009100 
71 0.477328 0.000000 0.548304 19.070703 0.000402 0.382806 0.090404 
72 0.025156 0.000000 0.548304 19.783125 0.000101 0.624913 0.020594 
73 0.477328 0.000000 0.105875 19.622205 0.000342 0.248808 0.037268 
74 0.929500 0.000000 0.548304 19.546708 0.000829 -0.414725 0.044386 
75 0.477328 0.000000 0.990734 20.005135 -0.000033 0.046899 -0.000519 
76 1.833844 0.000000 1.875592 20.062588 -0.000775 0.024711 -0.006270 
77 2.738188 0.000000 1.875592 20.020159 -0.001040 0.042608 -0.002021 
78 1.833844 0.000000 2.760450 20.052188 -0.000310 0.188069 -0.005314 
79 1.381672 0.000000 0.548304 19.900364 0.001008 -0.234529 0.009801 
80 1.381672 0.000000 0.105875 19.842119 0.000830 -0.067225 0.015715 
81 1.833844 0.000000 0.548304 19.948931 0.001221 -0.157250 0.005039 
82 1.381672 0.000000 0.990734 19.927839 -0.000787 -0.114978 0.007170 
1 1 12 10 11 
2 12 7 13 10 
3 11 10 14 6 
4 7 16 15 13 
5 16 2 17 15 
6 15 17 8 18 
7 6 14 19 20 
8 19 21 9 22 
9 20 19 22 4 
10 10 25 23 24 
11 25 13 26 23 
12 24 23 27 14 
13 18 8 29 28 
14 28 29 3 30 
15 21 28 30 9 
16 13 32 31 26 
17 32 15 33 31 
18 31 33 18 34 
19 14 27 35 36 
20 35 37 21 38 
21 36 35 38 19 
22 23 41 39 40 
23 41 26 42 39 
24 40 39 43 27 
25 34 18 45 44 
26 44 45 28 46 
27 37 44 46 21 
28 26 48 47 42 
29 48 31 49 47 
30 47 49 34 50 
31 27 43 51 52 
32 51 53 37 54 
33 52 51 54 35 
34 39 57 55 56 
35 57 42 58 55 
36 56 55 59 43 
37 50 34 61 60 
38 60 61 44 62 
39 53 60 62 37 
40 42 64 63 58 
41 64 47 65 63 
42 63 65 50 66 
43 43 59 67 68 
44 59 5 69 67 
45 67 69 53 70 
46 68 67 70 51 
47 55 73 71 72 
48 73 58 74 71 
49 71 74 5 75 
50 72 71 75 59 
51 5 66 76 69 
52 66 50 77 76 
53 76 77 60 78 
54 69 76 78 53 
55 58 80 79 74 
56 80 63 81 79 
57 79 81 66 82 
58 74 79 82 5 
