2 0.000000 20.000000 82.066944
82 58 
1 -13.540000 0.000000 -13.167000 18.791506 -0.000000 6.841346 0.000188 
2 15.399000 0.000000 -13.167000 18.793627 -0.000000 6.829939 0.000379 
3 15.399000 0.000000 15.148467 18.811846 -0.000000 6.795712 -0.000168 
4 -13.540000 0.000000 15.148467 18.797868 -0.000000 6.840663 -0.000386 
5 0.929500 0.000000 0.990734 18.405693 -0.000000 -2.088347 0.142173 
6 -13.540000 0.000000 0.990734 18.795292 -0.000000 6.844730 -0.000283 
7 0.929500 0.000000 -13.167000 18.787008 -0.000000 6.833620 0.000875 
8 15.399000 0.000000 0.990734 18.843145 0.000000 6.697039 0.000214 
9 0.929500 0.000000 15.148467 18.806864 -0.000000 6.828098 -0.000803 
10 -6.305250 0.000000 -6.088133 18.783964 -0.000000 6.844097 0.000803 
11 -13.540000 0.000000 -6.088133 18.791915 -0.000000 6.843305 0.000083 
12 -6.305250 0.000000 -13.167000 18.788702 -0.000000 6.839626 0.000511 
13 0.929500 0.000000 -6.088133 18.766208 0.000000 6.811350 0.003587 
14 -6.305250 0.000000 0.990734 18.799731 -0.000000 6.858390 -0.001168 
15 8.164250 0.000000 -6.088133 18.793388 -0.000000 6.797937 0.001492 
16 8.164250 0.000000 -13.167000 18.790495 -0.000000 6.829194 0.000699 
17 15.399000 0.000000 -6.088133 18.798952 -0.000000 6.812853 0.000461 
18 8.164250 0.000000 0.990734 18.973459 0.000000 6.315388 0.000309 
19 -6.305250 0.000000 8.069600 18.810064 -0.000000 6.841272 -0.001554 
20 -13.540000 0.000000 8.069600 18.798188 -0.000000 6.842713 -0.000486 
21 0.929500 0.000000 8.069600 18.843441 -0.000000 6.792530 -0.003034 
22 -6.305250 0.000000 15.148467 18.802151 -0.000000 6.837754 -0.000689 
23 -2.687875 0.000000 -2.548700 18.750574 0.000000 6.854626 0.003575 
24 -6.305250 0.000000 -2.548700 18.785449 -0.000000 6.852360 0.000380 
25 -2.687875 0.000000 -6.088133 18.772289 -0.000000 6.836476 0.002159 
26 0.929500 0.000000 -2.548700 18.684463 0.000000 6.713639 0.014545 
27 -2.687875 0.000000 0.990734 18.818880 -0.000000 6.917232 -0.004996 
28 8.164250 0.000000 8.069600 18.858480 -0.000000 6.680277 -0.000671 
29 15.399000 0.000000 8.069600 19.019543 -0.000001 6.221984 -0.001140 
30 8.164250 0.000000 15.148467 18.808125 -0.000000 6.814162 -0.000446 
31 4.546875 0.000000 -2.548700 18.794039 0.000000 6.670828 0.005710 
32 4.546875 0.000000 -6.088133 18.781001 0.000000 6.794332 0.002778 
33 8.164250 0.000000 -2.548700 18.814883 0.000000 6.729763 0.001776 
34 4.546875 0.000000 0.990734 19.281043 0.000002 5.377536 -0.001691 
35 -2.687875 0.000000 4.530167 18.859332 -0.000000 6.842454 -0.006234 
36 -6.305250 0.000000 4.530167 18.811659 -0.000000 6.849671 -0.001991 
37 0.929500 0.000000 4.530167 18.969792 -0.000000 6.664043 -0.010656 
38 -2.687875 0.000000 8.069600 18.826692 -0.000000 6.829389 -0.002712 
39 -0.879187 0.000000 -0.778983 18.580899 0.000000 6.907092 0.017606 
40 -2.687875 0.000000 -0.778983 18.755480 -0.000000 6.891207 0.001858 
41 -0.879187 0.000000 -2.548700 18.701635 0.000000 6.819104 0.009372 
42 0.929500 0.000000 -0.778983 18.368826 0.000001 6.341312 0.055935 
43 -0.879187 0.000000 0.990734 18.912960 -0.000000 7.222890 -0.024675 
44 4.546875 0.000000 4.530167 18.991951 -0.000001 6.353532 -0.002654 
45 8.164250 0.000000 4.530167 19.247209 -0.000001 5.599675 -0.004529 
46 4.546875 0.000000 8.069600 18.846805 -0.000000 6.742672 -0.001664 
47 2.738188 0.000000 -0.778983 18.786402 0.000001 6.215906 0.021084 
48 2.738188 0.000000 -2.548700 18.746913 0.000000 6.653126 0.010723 
49 4.546875 0.000000 -0.778983 18.872763 0.000000 6.421158 0.006469 
50 2.738188 0.000000 0.990734 19.643833 0.000004 3.766171 -0.000161 
51 -0.879187 0.000000 2.760450 19.065449 -0.000000 6.848140 -0.025971 
52 -2.687875 0.000000 2.760450 18.868316 -0.000000 6.877208 -0.008273 
53 0.929500 0.000000 2.760450 19.347453 -0.000001 6.290586 -0.034739 
54 -0.879187 0.000000 4.530167 18.920086 -0.000000 6.794308 -0.010331 
55 0.025156 0.000000 0.105875 17.905578 0.000000 7.057336 0.073961 
56 -0.879187 0.000000 0.105875 18.595183 0.000000 7.095183 0.009694 
57 0.025156 0.000000 -0.778983 18.374275 0.000000 6.738897 0.042433 
58 0.929500 0.000000 0.105875 17.722673 0.000002 5.400025 0.141866 
59 0.025156 0.000000 0.990734 19.526627 -0.000000 8.386644 -0.129062 
60 2.738188 0.000000 2.760450 19.250617 -0.000001 5.717826 -0.008199 
61 4.546875 0.000000 2.760450 19.479808 -0.000002 4.959037 -0.010137 
62 2.738188 0.000000 4.530167 18.970018 -0.000000 6.514562 -0.005753 
63 1.833844 0.000000 0.105875 18.707269 0.000002 5.176600 0.058102 
64 1.833844 0.000000 -0.778983 18.618450 0.000001 6.161204 0.038482 
65 2.738188 0.000000 0.105875 18.988657 0.000002 5.566462 0.021113 
66 1.833844 0.000000 0.990734 19.707823 0.000000 2.484461 0.013573 
67 0.025156 0.000000 1.875592 19.701507 -0.000001 6.784435 -0.085445 
68 -0.879187 0.000000 1.875592 19.121336 -0.000000 7.001099 -0.036602 
69 0.929500 0.000000 1.875592 20.041924 -0.000002 5.588905 -0.082286 
70 0.025156 0.000000 2.760450 19.259230 -0.000000 6.664602 -0.038337 
71 0.477328 0.000000 0.548304 15.107802 0.000001 6.714243 0.316683 
72 0.025156 0.000000 0.548304 17.898107 0.000000 7.938410 0.041599 
73 0.477328 0.000000 0.105875 17.403389 0.000001 6.332494 0.142554 
74 0.929500 0.000000 0.548304 17.189733 0.000002 3.796790 0.225244 
75 0.477328 0.000000 0.990734 19.357519 -0.000000 0.057833 0.063208 
76 1.833844 0.000000 1.875592 19.634262 -0.000002 4.789742 -0.021115 
77 2.738188 0.000000 1.875592 19.641634 -0.000002 4.335371 -0.011473 
78 1.833844 0.000000 2.760450 19.278877 -0.000001 5.959483 -0.017976 
79 1.381672 0.000000 0.548304 18.407593 0.000002 3.811258 0.116587 
80 1.381672 0.000000 0.105875 18.335197 0.000002 5.122070 0.093962 
81 1.833844 0.000000 0.548304 19.006430 0.000003 4.203197 0.052722 
82 1.381672 0.000000 0.990734 20.802833 -0.000001 1.597982 -0.088278 
1 1 12 10 11 
2 12 7 13 10 
3 11 10 14 6 
4 7 16 15 13 
5 16 2 17 15 
6 15 17 8 18 
7 6 14 19 20 
8 19 21 9 22 
9 20 19 22 4 
10 10 25 23 24 
11 25 13 26 23 
12 24 23 27 14 
13 18 8 29 28 
14 28 29 3 30 
15 21 28 30 9 
16 13 32 31 26 
17 32 15 33 31 
18 31 33 18 34 
19 14 27 35 36 
20 35 37 21 38 
21 36 35 38 19 
22 23 41 39 40 
23 41 26 42 39 
24 40 39 43 27 
25 34 18 45 44 
26 44 45 28 46 
27 37 44 46 21 
28 26 48 47 42 
29 48 31 49 47 
30 47 49 34 50 
31 27 43 51 52 
32 51 53 37 54 
33 52 51 54 35 
34 39 57 55 56 
35 57 42 58 55 
36 56 55 59 43 
37 50 34 61 60 
38 60 61 44 62 
39 53 60 62 37 
40 42 64 63 58 
41 64 47 65 63 
42 63 65 50 66 
43 43 59 67 68 
44 59 5 69 67 
45 67 69 53 70 
46 68 67 70 51 
47 55 73 71 72 
48 73 58 74 71 
49 71 74 5 75 
50 72 71 75 59 
51 5 66 76 69 
52 66 50 77 76 
53 76 77 60 78 
54 69 76 78 53 
55 58 80 79 74 
56 80 63 81 79 
57 79 81 66 82 
58 74 79 82 5 
