2 0.000000 20.000000 67.172953
82 58 
1 -13.540000 0.000000 -13.167000 19.999499 -0.000000 0.001408 0.000050 
2 15.399000 0.000000 -13.167000 19.999373 0.000000 -0.002468 0.000063 
3 15.399000 0.000000 15.148467 20.000450 -0.000000 -0.004494 -0.000045 
4 -13.540000 0.000000 15.148467 20.000669 -0.000000 -0.001188 -0.000067 
5 0.929500 0.000000 0.990734 19.780111 -0.000000 -2.244529 0.009273 
6 -13.540000 0.000000 0.990734 20.000273 -0.000000 0.000773 -0.000027 
7 0.929500 0.000000 -13.167000 19.998183 0.000000 0.001694 0.000182 
8 15.399000 0.000000 0.990734 19.999794 -0.000001 -0.130465 -0.000022 
9 0.929500 0.000000 15.148467 20.001706 -0.000000 -0.005178 -0.000171 
10 -6.305250 0.000000 -6.088133 19.997902 0.000000 0.003235 0.000210 
11 -13.540000 0.000000 -6.088133 19.999617 -0.000000 0.001141 0.000038 
12 -6.305250 0.000000 -13.167000 19.998813 0.000000 0.002320 0.000119 
13 0.929500 0.000000 -6.088133 19.992629 0.000000 -0.000721 0.000737 
14 -6.305250 0.000000 0.990734 20.001250 -0.000000 0.003238 -0.000125 
15 8.164250 0.000000 -6.088133 19.997588 0.000000 -0.012302 0.000241 
16 8.164250 0.000000 -13.167000 19.998721 0.000000 -0.000891 0.000128 
17 15.399000 0.000000 -6.088133 19.999340 0.000000 -0.013716 0.000066 
18 8.164250 0.000000 0.990734 19.999276 -0.000001 -0.132412 0.000029 
19 -6.305250 0.000000 8.069600 20.002742 -0.000000 -0.002403 -0.000274 
20 -13.540000 0.000000 8.069600 20.000754 -0.000000 -0.000223 -0.000075 
21 0.929500 0.000000 8.069600 20.006511 -0.000000 -0.013624 -0.000652 
22 -6.305250 0.000000 15.148467 20.001313 -0.000000 -0.002927 -0.000131 
23 -2.687875 0.000000 -2.548700 19.990920 0.000000 0.008194 0.000908 
24 -6.305250 0.000000 -2.548700 19.998403 0.000000 0.003488 0.000160 
25 -2.687875 0.000000 -6.088133 19.995021 0.000000 0.004150 0.000498 
26 0.929500 0.000000 -2.548700 19.970784 0.000000 -0.019743 0.002918 
27 -2.687875 0.000000 0.990734 20.006411 -0.000000 0.013814 -0.000642 
28 8.164250 0.000000 8.069600 20.001698 -0.000000 -0.014931 -0.000170 
29 15.399000 0.000000 8.069600 20.000342 -0.000000 -0.013332 -0.000035 
30 8.164250 0.000000 15.148467 20.001055 -0.000000 -0.005344 -0.000106 
31 4.546875 0.000000 -2.548700 19.991168 0.000000 -0.051279 0.000876 
32 4.546875 0.000000 -6.088133 19.995015 0.000000 -0.008724 0.000498 
33 8.164250 0.000000 -2.548700 19.997544 0.000000 -0.053146 0.000239 
34 4.546875 0.000000 0.990734 19.997611 -0.000001 -0.139561 0.000190 
35 -2.687875 0.000000 4.530167 20.011342 -0.000000 -0.005171 -0.001135 
36 -6.305250 0.000000 4.530167 20.003193 -0.000000 0.000275 -0.000319 
37 0.929500 0.000000 4.530167 20.023196 -0.000000 -0.038938 -0.002325 
38 -2.687875 0.000000 8.069600 20.005251 -0.000000 -0.006860 -0.000525 
39 -0.879187 0.000000 -0.778983 19.955792 0.000000 0.026023 0.004414 
40 -2.687875 0.000000 -0.778983 19.993228 0.000000 0.012522 0.000677 
41 -0.879187 0.000000 -2.548700 19.978645 0.000000 0.005495 0.002134 
42 0.929500 0.000000 -0.778983 19.888542 0.000000 -0.098244 0.011091 
43 -0.879187 0.000000 0.990734 20.035381 -0.000000 0.070340 -0.003554 
44 4.546875 0.000000 4.530167 20.005980 -0.000000 -0.048452 -0.000604 
45 8.164250 0.000000 4.530167 20.001277 -0.000000 -0.045422 -0.000133 
46 4.546875 0.000000 8.069600 20.003939 -0.000000 -0.015943 -0.000395 
47 2.738188 0.000000 -0.778983 19.969453 0.000000 -0.167981 0.002982 
48 2.738188 0.000000 -2.548700 19.981608 0.000000 -0.043870 0.001833 
49 4.546875 0.000000 -0.778983 19.991542 0.000000 -0.164746 0.000778 
50 2.738188 0.000000 0.990734 19.989822 -0.000001 -0.161591 0.000952 
51 -0.879187 0.000000 2.760450 20.048790 -0.000000 -0.011826 -0.004885 
52 -2.687875 0.000000 2.760450 20.013987 -0.000000 0.003207 -0.001399 
53 0.929500 0.000000 2.760450 20.075763 -0.000000 -0.106764 -0.007619 
54 -0.879187 0.000000 4.530167 20.020460 -0.000000 -0.017979 -0.002048 
55 0.025156 0.000000 0.105875 19.809031 0.000000 0.074522 0.018992 
56 -0.879187 0.000000 0.105875 19.967303 0.000000 0.058547 0.003258 
57 0.025156 0.000000 -0.778983 19.902764 0.000000 -0.001817 0.009700 
58 0.929500 0.000000 0.105875 19.737014 0.000000 -0.294803 0.025908 
59 0.025156 0.000000 0.990734 20.129980 -0.000000 0.274836 -0.013229 
60 2.738188 0.000000 2.760450 20.019043 -0.000000 -0.132962 -0.001949 
61 4.546875 0.000000 2.760450 20.004151 -0.000000 -0.124966 -0.000454 
62 2.738188 0.000000 4.530167 20.013540 -0.000000 -0.048679 -0.001360 
63 1.833844 0.000000 0.105875 19.931142 0.000001 -0.338537 0.006587 
64 1.833844 0.000000 -0.778983 19.936885 0.000000 -0.156970 0.006240 
65 2.738188 0.000000 0.105875 19.974622 0.000001 -0.316182 0.002286 
66 1.833844 0.000000 0.990734 19.993700 -0.000001 -0.194817 0.000535 
67 0.025156 0.000000 1.875592 20.160491 -0.000000 -0.034060 -0.016116 
68 -0.879187 0.000000 1.875592 20.064352 -0.000000 0.018883 -0.006446 
69 0.929500 0.000000 1.875592 20.157118 -0.000000 -0.232776 -0.015909 
70 0.025156 0.000000 2.760450 20.077600 -0.000000 -0.049199 -0.007781 
71 0.477328 0.000000 0.548304 19.201160 0.000000 0.046419 0.078283 
72 0.025156 0.000000 0.548304 19.827251 0.000000 0.231417 0.017066 
73 0.477328 0.000000 0.105875 19.673714 0.000000 -0.078147 0.032347 
74 0.929500 0.000000 0.548304 19.620845 0.000001 -0.651134 0.036496 
75 0.477328 0.000000 0.990734 19.990661 -0.000000 0.046139 0.000928 
76 1.833844 0.000000 1.875592 20.044419 -0.000001 -0.253201 -0.004607 
77 2.738188 0.000000 1.875592 20.013272 -0.000001 -0.233633 -0.001464 
78 1.833844 0.000000 2.760450 20.042793 -0.000000 -0.133444 -0.004328 
79 1.381672 0.000000 0.548304 19.941160 0.000001 -0.445280 0.005380 
80 1.381672 0.000000 0.105875 19.873371 0.000001 -0.343957 0.012327 
81 1.833844 0.000000 0.548304 19.960691 0.000001 -0.374855 0.003576 
82 1.381672 0.000000 0.990734 19.845569 -0.000001 -0.207895 0.015275 
1 1 12 10 11 
2 12 7 13 10 
3 11 10 14 6 
4 7 16 15 13 
5 16 2 17 15 
6 15 17 8 18 
7 6 14 19 20 
8 19 21 9 22 
9 20 19 22 4 
10 10 25 23 24 
11 25 13 26 23 
12 24 23 27 14 
13 18 8 29 28 
14 28 29 3 30 
15 21 28 30 9 
16 13 32 31 26 
17 32 15 33 31 
18 31 33 18 34 
19 14 27 35 36 
20 35 37 21 38 
21 36 35 38 19 
22 23 41 39 40 
23 41 26 42 39 
24 40 39 43 27 
25 34 18 45 44 
26 44 45 28 46 
27 37 44 46 21 
28 26 48 47 42 
29 48 31 49 47 
30 47 49 34 50 
31 27 43 51 52 
32 51 53 37 54 
33 52 51 54 35 
34 39 57 55 56 
35 57 42 58 55 
36 56 55 59 43 
37 50 34 61 60 
38 60 61 44 62 
39 53 60 62 37 
40 42 64 63 58 
41 64 47 65 63 
42 63 65 50 66 
43 43 59 67 68 
44 59 5 69 67 
45 67 69 53 70 
46 68 67 70 51 
47 55 73 71 72 
48 73 58 74 71 
49 71 74 5 75 
50 72 71 75 59 
51 5 66 76 69 
52 66 50 77 76 
53 76 77 60 78 
54 69 76 78 53 
55 58 80 79 74 
56 80 63 81 79 
57 79 81 66 82 
58 74 79 82 5 
