2 0.000000 20.000000 82.066944
82 58 
1 -13.540000 0.000000 -13.167000 19.827522 -0.000000 2.610871 0.000132 
2 15.399000 0.000000 -13.167000 19.828220 -0.000000 2.603375 0.000160 
3 15.399000 0.000000 15.148467 19.831599 -0.000000 2.599068 -0.000119 
4 -13.540000 0.000000 15.148467 19.830558 -0.000000 2.610733 -0.000167 
5 0.929500 0.000000 0.990734 19.497653 -0.000000 -2.212385 0.037367 
6 -13.540000 0.000000 0.990734 19.829177 -0.000000 2.612606 -0.000055 
7 0.929500 0.000000 -13.167000 19.824920 -0.000000 2.606431 0.000448 
8 15.399000 0.000000 0.990734 19.879885 0.000001 2.219448 -0.000339 
9 0.929500 0.000000 15.148467 19.833790 -0.000000 2.605596 -0.000421 
10 -6.305250 0.000000 -6.088133 19.823147 -0.000000 2.611884 0.000552 
11 -13.540000 0.000000 -6.088133 19.827608 -0.000000 2.611838 0.000111 
12 -6.305250 0.000000 -13.167000 19.825973 -0.000000 2.609846 0.000299 
13 0.929500 0.000000 -6.088133 19.812851 -0.000000 2.593225 0.001815 
14 -6.305250 0.000000 0.990734 19.830131 -0.000000 2.619221 -0.000236 
15 8.164250 0.000000 -6.088133 19.826384 -0.000000 2.581659 0.000624 
16 8.164250 0.000000 -13.167000 19.826568 -0.000000 2.603566 0.000322 
17 15.399000 0.000000 -6.088133 19.830243 -0.000000 2.587176 0.000170 
18 8.164250 0.000000 0.990734 19.939452 0.000002 1.755809 -0.001661 
19 -6.305250 0.000000 8.069600 19.835664 -0.000000 2.611262 -0.000681 
20 -13.540000 0.000000 8.069600 19.830625 -0.000000 2.611702 -0.000187 
21 0.929500 0.000000 8.069600 19.847690 -0.000000 2.591020 -0.001610 
22 -6.305250 0.000000 15.148467 19.832312 -0.000000 2.609509 -0.000325 
23 -2.687875 0.000000 -2.548700 19.804104 -0.000000 2.615803 0.002388 
24 -6.305250 0.000000 -2.548700 19.823433 -0.000000 2.615981 0.000470 
25 -2.687875 0.000000 -6.088133 19.816716 -0.000000 2.607420 0.001248 
26 0.929500 0.000000 -2.548700 19.765645 0.000000 2.536994 0.007207 
27 -2.687875 0.000000 0.990734 19.835058 -0.000000 2.647903 -0.001102 
28 8.164250 0.000000 8.069600 19.839064 -0.000000 2.567426 -0.000450 
29 15.399000 0.000000 8.069600 19.837486 -0.000000 2.552567 -0.000104 
30 8.164250 0.000000 15.148467 19.832795 -0.000000 2.601396 -0.000268 
31 4.546875 0.000000 -2.548700 19.819888 0.000000 2.497550 0.002336 
32 4.546875 0.000000 -6.088133 19.819864 -0.000000 2.582129 0.001264 
33 8.164250 0.000000 -2.548700 19.834372 0.000000 2.518614 0.000636 
34 4.546875 0.000000 0.990734 19.992159 0.000002 1.310452 -0.003509 
35 -2.687875 0.000000 4.530167 19.856676 -0.000000 2.612679 -0.002784 
36 -6.305250 0.000000 4.530167 19.836109 -0.000000 2.615253 -0.000777 
37 0.929500 0.000000 4.530167 19.896678 -0.000000 2.536618 -0.005781 
38 -2.687875 0.000000 8.069600 19.842531 -0.000000 2.606173 -0.001295 
39 -0.879187 0.000000 -0.778983 19.711721 0.000000 2.637330 0.011231 
40 -2.687875 0.000000 -0.778983 19.804918 -0.000000 2.634030 0.002068 
41 -0.879187 0.000000 -2.548700 19.777367 0.000000 2.595627 0.005296 
42 0.929500 0.000000 -0.778983 19.589913 0.000000 2.333936 0.026970 
43 -0.879187 0.000000 0.990734 19.867606 -0.000000 2.796733 -0.006359 
44 4.546875 0.000000 4.530167 19.863975 -0.000000 2.463673 -0.001618 
45 8.164250 0.000000 4.530167 19.857171 -0.000000 2.422305 -0.000437 
46 4.546875 0.000000 8.069600 19.843575 -0.000000 2.575718 -0.001004 
47 2.738188 0.000000 -0.778983 19.792281 0.000000 2.223327 0.008306 
48 2.738188 0.000000 -2.548700 19.795322 0.000000 2.497601 0.004768 
49 4.546875 0.000000 -0.778983 19.846523 0.000000 2.290353 0.002175 
50 2.738188 0.000000 0.990734 20.000492 -0.000001 0.957589 -0.002342 
51 -0.879187 0.000000 2.760450 19.947540 -0.000000 2.617214 -0.011885 
52 -2.687875 0.000000 2.760450 19.859894 -0.000000 2.629321 -0.003322 
53 0.929500 0.000000 2.760450 20.051485 -0.000000 2.370822 -0.019207 
54 -0.879187 0.000000 4.530167 19.882127 -0.000000 2.591502 -0.005037 
55 0.025156 0.000000 0.105875 19.356018 0.000000 2.704651 0.045074 
56 -0.879187 0.000000 0.105875 19.713926 0.000000 2.732053 0.009743 
57 0.025156 0.000000 -0.778983 19.602729 0.000000 2.546155 0.023125 
58 0.929500 0.000000 0.105875 19.240478 0.000001 1.847660 0.065975 
59 0.025156 0.000000 0.990734 20.140205 -0.000000 3.366063 -0.042396 
60 2.738188 0.000000 2.760450 19.931027 -0.000001 2.205095 -0.005271 
61 4.546875 0.000000 2.760450 19.902055 -0.000001 2.139423 -0.001672 
62 2.738188 0.000000 4.530167 19.879885 -0.000000 2.488136 -0.003502 
63 1.833844 0.000000 0.105875 19.711194 0.000001 1.695369 0.021486 
64 1.833844 0.000000 -0.778983 19.708683 0.000000 2.221547 0.016581 
65 2.738188 0.000000 0.105875 19.850415 0.000001 1.810336 0.006709 
66 1.833844 0.000000 0.990734 19.995198 -0.000001 0.787974 -0.001072 
67 0.025156 0.000000 1.875592 20.235602 -0.000000 2.592438 -0.040501 
68 -0.879187 0.000000 1.875592 19.971569 -0.000000 2.691530 -0.015270 
69 0.929500 0.000000 1.875592 20.340547 -0.000001 2.038947 -0.044738 
70 0.025156 0.000000 2.760450 20.030567 -0.000000 2.534911 -0.019123 
71 0.477328 0.000000 0.548304 17.940554 0.000001 2.553234 0.179044 
72 0.025156 0.000000 0.548304 19.348141 0.000000 3.141654 0.039449 
73 0.477328 0.000000 0.105875 19.091371 0.000001 2.334093 0.075179 
74 0.929500 0.000000 0.548304 18.950234 0.000001 1.015005 0.099646 
75 0.477328 0.000000 0.990734 20.008491 -0.000000 0.051296 -0.000856 
76 1.833844 0.000000 1.875592 20.070454 -0.000001 1.774634 -0.014931 
77 2.738188 0.000000 1.875592 19.971256 -0.000001 1.737001 -0.004671 
78 1.833844 0.000000 2.760450 19.986671 -0.000000 2.251509 -0.011341 
79 1.381672 0.000000 0.548304 19.577727 0.000001 1.108628 0.038709 
80 1.381672 0.000000 0.105875 19.540296 0.000001 1.695243 0.038257 
81 1.833844 0.000000 0.548304 19.806285 0.000002 1.252176 0.015358 
82 1.381672 0.000000 0.990734 20.367444 -0.000001 0.484332 -0.037668 
1 1 12 10 11 
2 12 7 13 10 
3 11 10 14 6 
4 7 16 15 13 
5 16 2 17 15 
6 15 17 8 18 
7 6 14 19 20 
8 19 21 9 22 
9 20 19 22 4 
10 10 25 23 24 
11 25 13 26 23 
12 24 23 27 14 
13 18 8 29 28 
14 28 29 3 30 
15 21 28 30 9 
16 13 32 31 26 
17 32 15 33 31 
18 31 33 18 34 
19 14 27 35 36 
20 35 37 21 38 
21 36 35 38 19 
22 23 41 39 40 
23 41 26 42 39 
24 40 39 43 27 
25 34 18 45 44 
26 44 45 28 46 
27 37 44 46 21 
28 26 48 47 42 
29 48 31 49 47 
30 47 49 34 50 
31 27 43 51 52 
32 51 53 37 54 
33 52 51 54 35 
34 39 57 55 56 
35 57 42 58 55 
36 56 55 59 43 
37 50 34 61 60 
38 60 61 44 62 
39 53 60 62 37 
40 42 64 63 58 
41 64 47 65 63 
42 63 65 50 66 
43 43 59 67 68 
44 59 5 69 67 
45 67 69 53 70 
46 68 67 70 51 
47 55 73 71 72 
48 73 58 74 71 
49 71 74 5 75 
50 72 71 75 59 
51 5 66 76 69 
52 66 50 77 76 
53 76 77 60 78 
54 69 76 78 53 
55 58 80 79 74 
56 80 63 81 79 
57 79 81 66 82 
58 74 79 82 5 
