2 0.000000 20.000000 82.066944
82 58 
1 -13.540000 0.000000 -13.167000 19.996581 0.000000 -0.347663 0.000040 
2 15.399000 0.000000 -13.167000 19.996402 0.000000 -0.350885 0.000052 
3 15.399000 0.000000 15.148467 19.997251 -0.000000 -0.352770 -0.000036 
4 -13.540000 0.000000 15.148467 19.997485 -0.000000 -0.350254 -0.000055 
5 0.929500 0.000000 0.990734 19.804437 -0.000000 -2.247301 0.006835 
6 -13.540000 0.000000 0.990734 19.997216 -0.000000 -0.348399 -0.000025 
7 0.929500 0.000000 -13.167000 19.995577 0.000000 -0.346990 0.000141 
8 15.399000 0.000000 0.990734 19.996423 -0.000001 -0.368914 0.000017 
9 0.929500 0.000000 15.148467 19.998196 -0.000000 -0.353844 -0.000133 
10 -6.305250 0.000000 -6.088133 19.995359 0.000000 -0.345920 0.000165 
11 -13.540000 0.000000 -6.088133 19.996671 0.000000 -0.347969 0.000030 
12 -6.305250 0.000000 -13.167000 19.996069 0.000000 -0.346694 0.000093 
13 0.929500 0.000000 -6.088133 19.991257 0.000000 -0.348181 0.000571 
14 -6.305250 0.000000 0.990734 19.998160 -0.000000 -0.346341 -0.000116 
15 8.164250 0.000000 -6.088133 19.994788 0.000000 -0.358737 0.000199 
16 8.164250 0.000000 -13.167000 19.995922 0.000000 -0.349305 0.000103 
17 15.399000 0.000000 -6.088133 19.996190 0.000000 -0.360602 0.000056 
18 8.164250 0.000000 0.990734 19.997049 -0.000000 -0.308381 0.000057 
19 -6.305250 0.000000 8.069600 19.999163 -0.000000 -0.351535 -0.000225 
20 -13.540000 0.000000 8.069600 19.997592 -0.000000 -0.349328 -0.000064 
21 0.929500 0.000000 8.069600 20.001783 -0.000000 -0.361119 -0.000504 
22 -6.305250 0.000000 15.148467 19.997951 -0.000000 -0.351929 -0.000105 
23 -2.687875 0.000000 -2.548700 19.990029 0.000000 -0.341317 0.000706 
24 -6.305250 0.000000 -2.548700 19.995773 0.000000 -0.345881 0.000124 
25 -2.687875 0.000000 -6.088133 19.993173 0.000000 -0.344699 0.000386 
26 0.929500 0.000000 -2.548700 19.974071 0.000000 -0.361695 0.002264 
27 -2.687875 0.000000 0.990734 20.003111 -0.000000 -0.337610 -0.000596 
28 8.164250 0.000000 8.069600 19.998118 -0.000000 -0.361034 -0.000138 
29 15.399000 0.000000 8.069600 19.997056 -0.000000 -0.359190 -0.000028 
30 8.164250 0.000000 15.148467 19.997704 -0.000000 -0.353697 -0.000083 
31 4.546875 0.000000 -2.548700 19.988948 0.000000 -0.389650 0.000725 
32 4.546875 0.000000 -6.088133 19.992847 0.000000 -0.355154 0.000400 
33 8.164250 0.000000 -2.548700 19.994103 0.000000 -0.393059 0.000203 
34 4.546875 0.000000 0.990734 19.996310 -0.000000 -0.288384 0.000161 
35 -2.687875 0.000000 4.530167 20.006097 -0.000000 -0.354542 -0.000924 
36 -6.305250 0.000000 4.530167 19.999669 -0.000000 -0.349066 -0.000272 
37 0.929500 0.000000 4.530167 20.014188 -0.000000 -0.381834 -0.001784 
38 -2.687875 0.000000 8.069600 20.000999 -0.000000 -0.355672 -0.000416 
39 -0.879187 0.000000 -0.778983 19.963118 0.000000 -0.325332 0.003420 
40 -2.687875 0.000000 -0.778983 19.992035 0.000000 -0.338083 0.000511 
41 -0.879187 0.000000 -2.548700 19.980667 0.000000 -0.342425 0.001639 
42 0.929500 0.000000 -0.778983 19.910073 0.000000 -0.420023 0.008531 
43 -0.879187 0.000000 0.990734 20.030130 -0.000000 -0.291517 -0.003228 
44 4.546875 0.000000 4.530167 20.001203 -0.000000 -0.387114 -0.000495 
45 8.164250 0.000000 4.530167 19.997419 -0.000000 -0.383456 -0.000110 
46 4.546875 0.000000 8.069600 19.999832 -0.000000 -0.362331 -0.000311 
47 2.738188 0.000000 -0.778983 19.969780 0.000000 -0.478320 0.002448 
48 2.738188 0.000000 -2.548700 19.981495 0.000000 -0.382415 0.001484 
49 4.546875 0.000000 -0.778983 19.987482 0.000000 -0.478987 0.000678 
50 2.738188 0.000000 0.990734 19.998201 -0.000000 -0.304514 -0.000052 
51 -0.879187 0.000000 2.760450 20.035901 -0.000000 -0.361966 -0.003921 
52 -2.687875 0.000000 2.760450 20.008817 -0.000000 -0.347190 -0.001183 
53 0.929500 0.000000 2.760450 20.052763 -0.000000 -0.434431 -0.005755 
54 -0.879187 0.000000 4.530167 20.012683 -0.000000 -0.365801 -0.001603 
55 0.025156 0.000000 0.105875 19.850894 0.000000 -0.283395 0.014654 
56 -0.879187 0.000000 0.105875 19.973467 0.000000 -0.299101 0.002428 
57 0.025156 0.000000 -0.778983 19.922513 0.000000 -0.345413 0.007435 
58 0.929500 0.000000 0.105875 19.793573 0.000000 -0.569639 0.019725 
59 0.025156 0.000000 0.990734 20.103335 -0.000000 -0.131972 -0.010404 
60 2.738188 0.000000 2.760450 20.011227 -0.000000 -0.450460 -0.001630 
61 4.546875 0.000000 2.760450 19.999148 -0.000000 -0.442897 -0.000405 
62 2.738188 0.000000 4.530167 20.006994 -0.000000 -0.388093 -0.001076 
63 1.833844 0.000000 0.105875 19.941672 0.000001 -0.594909 0.004939 
64 1.833844 0.000000 -0.778983 19.945159 0.000000 -0.467650 0.004930 
65 2.738188 0.000000 0.105875 19.972568 0.000001 -0.575857 0.001912 
66 1.833844 0.000000 0.990734 19.991132 -0.000000 -0.336580 0.000603 
67 0.025156 0.000000 1.875592 20.120336 -0.000000 -0.383243 -0.012437 
68 -0.879187 0.000000 1.875592 20.050626 -0.000000 -0.336510 -0.005352 
69 0.929500 0.000000 1.875592 20.106832 -0.000000 -0.528454 -0.011410 
70 0.025156 0.000000 2.760450 20.055877 -0.000000 -0.392853 -0.005981 
71 0.477328 0.000000 0.548304 19.386856 0.000000 -0.294733 0.060157 
72 0.025156 0.000000 0.548304 19.866556 0.000000 -0.159821 0.013236 
73 0.477328 0.000000 0.105875 19.746625 0.000000 -0.401382 0.024774 
74 0.929500 0.000000 0.548304 19.701616 0.000000 -0.857590 0.027777 
75 0.477328 0.000000 0.990734 19.973526 -0.000000 0.045397 0.002640 
76 1.833844 0.000000 1.875592 20.026966 -0.000000 -0.527082 -0.003393 
77 2.738188 0.000000 1.875592 20.007377 -0.000000 -0.512425 -0.001394 
78 1.833844 0.000000 2.760450 20.028665 -0.000000 -0.451861 -0.003379 
79 1.381672 0.000000 0.548304 19.971966 0.000001 -0.645387 0.001760 
80 1.381672 0.000000 0.105875 19.899737 0.000000 -0.603508 0.009091 
81 1.833844 0.000000 0.548304 19.968573 0.000001 -0.577152 0.002307 
82 1.381672 0.000000 0.990734 19.777021 -0.000000 -0.315721 0.021924 
1 1 12 10 11 
2 12 7 13 10 
3 11 10 14 6 
4 7 16 15 13 
5 16 2 17 15 
6 15 17 8 18 
7 6 14 19 20 
8 19 21 9 22 
9 20 19 22 4 
10 10 25 23 24 
11 25 13 26 23 
12 24 23 27 14 
13 18 8 29 28 
14 28 29 3 30 
15 21 28 30 9 
16 13 32 31 26 
17 32 15 33 31 
18 31 33 18 34 
19 14 27 35 36 
20 35 37 21 38 
21 36 35 38 19 
22 23 41 39 40 
23 41 26 42 39 
24 40 39 43 27 
25 34 18 45 44 
26 44 45 28 46 
27 37 44 46 21 
28 26 48 47 42 
29 48 31 49 47 
30 47 49 34 50 
31 27 43 51 52 
32 51 53 37 54 
33 52 51 54 35 
34 39 57 55 56 
35 57 42 58 55 
36 56 55 59 43 
37 50 34 61 60 
38 60 61 44 62 
39 53 60 62 37 
40 42 64 63 58 
41 64 47 65 63 
42 63 65 50 66 
43 43 59 67 68 
44 59 5 69 67 
45 67 69 53 70 
46 68 67 70 51 
47 55 73 71 72 
48 73 58 74 71 
49 71 74 5 75 
50 72 71 75 59 
51 5 66 76 69 
52 66 50 77 76 
53 76 77 60 78 
54 69 76 78 53 
55 58 80 79 74 
56 80 63 81 79 
57 79 81 66 82 
58 74 79 82 5 
