2 0.000000 20.000000 82.066944
82 58 
1 -13.540000 0.000000 -13.167000 19.996315 0.000000 0.350466 0.000061 
2 15.399000 0.000000 -13.167000 19.996248 0.000000 0.346017 0.000076 
3 15.399000 0.000000 15.148467 19.997602 -0.000000 0.343734 -0.000056 
4 -13.540000 0.000000 15.148467 19.997779 -0.000000 0.347862 -0.000080 
5 0.929500 0.000000 0.990734 19.751705 -0.000000 -2.241293 0.012117 
6 -13.540000 0.000000 0.990734 19.997245 -0.000000 0.350026 -0.000031 
7 0.929500 0.000000 -13.167000 19.994807 0.000000 0.350411 0.000212 
8 15.399000 0.000000 0.990734 20.003356 0.000001 -0.031195 -0.000338 
9 0.929500 0.000000 15.148467 19.999047 -0.000000 0.343488 -0.000200 
10 -6.305250 0.000000 -6.088133 19.994325 0.000000 0.352342 0.000257 
11 -13.540000 0.000000 -6.088133 19.996437 0.000000 0.350279 0.000050 
12 -6.305250 0.000000 -13.167000 19.995504 0.000000 0.351298 0.000141 
13 0.929500 0.000000 -6.088133 19.988365 0.000000 0.346956 0.000862 
14 -6.305250 0.000000 0.990734 19.998292 -0.000000 0.353134 -0.000141 
15 8.164250 0.000000 -6.088133 19.994275 0.000000 0.334455 0.000293 
16 8.164250 0.000000 -13.167000 19.995458 0.000000 0.347608 0.000152 
17 15.399000 0.000000 -6.088133 19.996416 0.000000 0.333548 0.000080 
18 8.164250 0.000000 0.990734 20.001728 -0.000001 0.027591 -0.000175 
19 -6.305250 0.000000 8.069600 20.000287 -0.000000 0.346664 -0.000329 
20 -13.540000 0.000000 8.069600 19.997871 -0.000000 0.348904 -0.000091 
21 0.929500 0.000000 8.069600 20.004855 -0.000000 0.333921 -0.000764 
22 -6.305250 0.000000 15.148467 19.998559 -0.000000 0.346031 -0.000155 
23 -2.687875 0.000000 -2.548700 19.985718 0.000000 0.357501 0.001108 
24 -6.305250 0.000000 -2.548700 19.994817 0.000000 0.352964 0.000207 
25 -2.687875 0.000000 -6.088133 19.990979 0.000000 0.352877 0.000591 
26 0.929500 0.000000 -2.548700 19.963041 0.000000 0.323753 0.003430 
27 -2.687875 0.000000 0.990734 20.003841 -0.000000 0.366466 -0.000720 
28 8.164250 0.000000 8.069600 19.999371 -0.000000 0.330980 -0.000211 
29 15.399000 0.000000 8.069600 19.997694 -0.000000 0.332023 -0.000045 
30 8.164250 0.000000 15.148467 19.998320 -0.000000 0.343023 -0.000126 
31 4.546875 0.000000 -2.548700 19.987170 0.000000 0.288725 0.001074 
32 4.546875 0.000000 -6.088133 19.991190 0.000000 0.338108 0.000595 
33 8.164250 0.000000 -2.548700 19.994979 0.000000 0.288690 0.000294 
34 4.546875 0.000000 0.990734 19.999753 -0.000001 0.027675 0.000023 
35 -2.687875 0.000000 4.530167 20.010602 -0.000000 0.343919 -0.001356 
36 -6.305250 0.000000 4.530167 20.000802 -0.000000 0.349693 -0.000386 
37 0.929500 0.000000 4.530167 20.025034 -0.000000 0.304519 -0.002737 
38 -2.687875 0.000000 8.069600 20.003284 -0.000000 0.341793 -0.000620 
39 -0.879187 0.000000 -0.778983 19.943181 0.000000 0.376679 0.005319 
40 -2.687875 0.000000 -0.778983 19.987917 0.000000 0.363531 0.000878 
41 -0.879187 0.000000 -2.548700 19.971665 0.000000 0.353072 0.002520 
42 0.929500 0.000000 -0.778983 19.868948 0.000000 0.230633 0.012929 
43 -0.879187 0.000000 0.990734 20.035477 -0.000000 0.436214 -0.004027 
44 4.546875 0.000000 4.530167 20.005445 -0.000000 0.289623 -0.000754 
45 8.164250 0.000000 4.530167 19.999625 -0.000000 0.290977 -0.000174 
46 4.546875 0.000000 8.069600 20.002010 -0.000000 0.330504 -0.000474 
47 2.738188 0.000000 -0.778983 19.962208 0.000000 0.149672 0.003720 
48 2.738188 0.000000 -2.548700 19.975571 0.000000 0.296430 0.002222 
49 4.546875 0.000000 -0.778983 19.989610 0.000000 0.157507 0.000977 
50 2.738188 0.000000 0.990734 19.993265 -0.000001 -0.003137 0.000673 
51 -0.879187 0.000000 2.760450 20.055056 -0.000000 0.337342 -0.005798 
52 -2.687875 0.000000 2.760450 20.013660 -0.000000 0.353793 -0.001679 
53 0.929500 0.000000 2.760450 20.088462 -0.000000 0.224538 -0.008992 
54 -0.879187 0.000000 4.530167 20.021405 -0.000000 0.329380 -0.002413 
55 0.025156 0.000000 0.105875 19.770429 0.000000 0.428543 0.022366 
56 -0.879187 0.000000 0.105875 19.954004 0.000000 0.417985 0.004158 
57 0.025156 0.000000 -0.778983 19.883902 0.000000 0.341224 0.011285 
58 0.929500 0.000000 0.105875 19.690753 0.000001 0.000070 0.030686 
59 0.025156 0.000000 0.990734 20.153963 -0.000000 0.691471 -0.016651 
60 2.738188 0.000000 2.760450 20.023894 -0.000000 0.184484 -0.002476 
61 4.546875 0.000000 2.760450 20.005285 -0.000000 0.189134 -0.000618 
62 2.738188 0.000000 4.530167 20.014372 -0.000000 0.291145 -0.001650 
63 1.833844 0.000000 0.105875 19.913670 0.000001 -0.066814 0.008603 
64 1.833844 0.000000 -0.778983 19.923385 0.000000 0.162295 0.007581 
65 2.738188 0.000000 0.105875 19.970679 0.000001 -0.038535 0.002926 
66 1.833844 0.000000 0.990734 19.998871 -0.000001 -0.059070 0.000104 
67 0.025156 0.000000 1.875592 20.186840 -0.000000 0.311912 -0.019015 
68 -0.879187 0.000000 1.875592 20.073245 -0.000000 0.374543 -0.007689 
69 0.929500 0.000000 1.875592 20.192854 -0.000000 0.074549 -0.019392 
70 0.025156 0.000000 2.760450 20.088609 -0.000000 0.293006 -0.009095 
71 0.477328 0.000000 0.548304 19.070718 0.000000 0.382804 0.090403 
72 0.025156 0.000000 0.548304 19.783109 0.000000 0.624888 0.020595 
73 0.477328 0.000000 0.105875 19.622182 0.000000 0.248804 0.037270 
74 0.929500 0.000000 0.548304 19.546624 0.000001 -0.414671 0.044394 
75 0.477328 0.000000 0.990734 20.005062 -0.000000 0.046899 -0.000512 
76 1.833844 0.000000 1.875592 20.062457 -0.000001 0.024859 -0.006257 
77 2.738188 0.000000 1.875592 20.020046 -0.000001 0.042903 -0.002010 
78 1.833844 0.000000 2.760450 20.052140 -0.000000 0.188138 -0.005309 
79 1.381672 0.000000 0.548304 19.900159 0.000001 -0.234526 0.009822 
80 1.381672 0.000000 0.105875 19.841981 0.000001 -0.067272 0.015728 
81 1.833844 0.000000 0.548304 19.948620 0.000001 -0.157316 0.005070 
82 1.381672 0.000000 0.990734 19.927679 -0.000001 -0.114934 0.007186 
1 1 12 10 11 
2 12 7 13 10 
3 11 10 14 6 
4 7 16 15 13 
5 16 2 17 15 
6 15 17 8 18 
7 6 14 19 20 
8 19 21 9 22 
9 20 19 22 4 
10 10 25 23 24 
11 25 13 26 23 
12 24 23 27 14 
13 18 8 29 28 
14 28 29 3 30 
15 21 28 30 9 
16 13 32 31 26 
17 32 15 33 31 
18 31 33 18 34 
19 14 27 35 36 
20 35 37 21 38 
21 36 35 38 19 
22 23 41 39 40 
23 41 26 42 39 
24 40 39 43 27 
25 34 18 45 44 
26 44 45 28 46 
27 37 44 46 21 
28 26 48 47 42 
29 48 31 49 47 
30 47 49 34 50 
31 27 43 51 52 
32 51 53 37 54 
33 52 51 54 35 
34 39 57 55 56 
35 57 42 58 55 
36 56 55 59 43 
37 50 34 61 60 
38 60 61 44 62 
39 53 60 62 37 
40 42 64 63 58 
41 64 47 65 63 
42 63 65 50 66 
43 43 59 67 68 
44 59 5 69 67 
45 67 69 53 70 
46 68 67 70 51 
47 55 73 71 72 
48 73 58 74 71 
49 71 74 5 75 
50 72 71 75 59 
51 5 66 76 69 
52 66 50 77 76 
53 76 77 60 78 
54 69 76 78 53 
55 58 80 79 74 
56 80 63 81 79 
57 79 81 66 82 
58 74 79 82 5 
