2 0.000000 20.000000 67.172953
82 58 
1 -13.540000 0.000000 -13.167000 19.987045 -0.000000 0.699439 0.000072 
2 15.399000 0.000000 -13.167000 19.987056 0.000000 0.694317 0.000089 
3 15.399000 0.000000 15.148467 19.988688 -0.000000 0.691663 -0.000065 
4 -13.540000 0.000000 15.148467 19.988801 -0.000000 0.696826 -0.000094 
5 0.929500 0.000000 0.990734 19.720154 -0.000000 -2.237701 0.015271 
6 -13.540000 0.000000 0.990734 19.988131 -0.000000 0.699095 -0.000035 
7 0.929500 0.000000 -13.167000 19.985181 0.000000 0.698967 0.000260 
8 15.399000 0.000000 0.990734 20.006531 0.000001 0.154258 -0.000713 
9 0.929500 0.000000 15.148467 19.990476 -0.000000 0.691968 -0.000245 
10 -6.305250 0.000000 -6.088133 19.984669 0.000000 0.701432 0.000302 
11 -13.540000 0.000000 -6.088133 19.987205 -0.000000 0.699293 0.000057 
12 -6.305250 0.000000 -13.167000 19.986037 0.000000 0.700217 0.000170 
13 0.929500 0.000000 -6.088133 19.977376 0.000000 0.694255 0.001056 
14 -6.305250 0.000000 0.990734 19.989254 -0.000000 0.702615 -0.000160 
15 8.164250 0.000000 -6.088133 19.984978 0.000000 0.680799 0.000343 
16 8.164250 0.000000 -13.167000 19.986065 0.000000 0.695874 0.000182 
17 15.399000 0.000000 -6.088133 19.987494 0.000000 0.680605 0.000092 
18 8.164250 0.000000 0.990734 20.006008 0.000001 0.148871 -0.000656 
19 -6.305250 0.000000 8.069600 19.991768 -0.000000 0.695708 -0.000387 
20 -13.540000 0.000000 8.069600 19.988869 -0.000000 0.697911 -0.000105 
21 0.929500 0.000000 8.069600 19.997802 -0.000000 0.681011 -0.000940 
22 -6.305250 0.000000 15.148467 19.989794 -0.000000 0.694919 -0.000187 
23 -2.687875 0.000000 -2.548700 19.974391 0.000000 0.707084 0.001309 
24 -6.305250 0.000000 -2.548700 19.985295 0.000000 0.702267 0.000237 
25 -2.687875 0.000000 -6.088133 19.980543 0.000000 0.701678 0.000714 
26 0.929500 0.000000 -2.548700 19.947006 0.000000 0.665532 0.004185 
27 -2.687875 0.000000 0.990734 19.995186 -0.000000 0.717775 -0.000807 
28 8.164250 0.000000 8.069600 19.991049 -0.000000 0.676047 -0.000248 
29 15.399000 0.000000 8.069600 19.989079 -0.000000 0.676296 -0.000052 
30 8.164250 0.000000 15.148467 19.989577 -0.000000 0.691097 -0.000152 
31 4.546875 0.000000 -2.548700 19.977565 0.000000 0.627447 0.001258 
32 4.546875 0.000000 -6.088133 19.981149 0.000000 0.684321 0.000713 
33 8.164250 0.000000 -2.548700 19.986701 0.000000 0.630009 0.000337 
34 4.546875 0.000000 0.990734 20.002920 -0.000001 0.170285 -0.000365 
35 -2.687875 0.000000 4.530167 20.003996 -0.000000 0.693250 -0.001601 
36 -6.305250 0.000000 4.530167 19.992215 -0.000000 0.698954 -0.000443 
37 0.929500 0.000000 4.530167 20.023296 -0.000000 0.646278 -0.003375 
38 -2.687875 0.000000 8.069600 19.995578 -0.000000 0.690471 -0.000750 
39 -0.879187 0.000000 -0.778983 19.923497 0.000000 0.728691 0.006308 
40 -2.687875 0.000000 -0.778983 19.977090 0.000000 0.714178 0.001015 
41 -0.879187 0.000000 -2.548700 19.957117 0.000000 0.701151 0.003055 
42 0.929500 0.000000 -0.778983 19.833831 0.000000 0.551874 0.015787 
43 -0.879187 0.000000 0.990734 20.029373 -0.000000 0.797934 -0.004531 
44 4.546875 0.000000 4.530167 19.999119 -0.000000 0.624989 -0.000888 
45 8.164250 0.000000 4.530167 19.992287 -0.000000 0.623979 -0.000202 
46 4.546875 0.000000 8.069600 19.994288 -0.000000 0.676120 -0.000572 
47 2.738188 0.000000 -0.778983 19.951218 0.000000 0.462184 0.004338 
48 2.738188 0.000000 -2.548700 19.963464 0.000000 0.634574 0.002644 
49 4.546875 0.000000 -0.778983 19.983270 0.000000 0.477552 0.001102 
50 2.738188 0.000000 0.990734 19.996560 -0.000001 0.137410 0.000297 
51 -0.879187 0.000000 2.760450 20.057125 -0.000000 0.687654 -0.006903 
52 -2.687875 0.000000 2.760450 20.006926 -0.000000 0.704173 -0.001932 
53 0.929500 0.000000 2.760450 20.103516 -0.000000 0.549400 -0.011133 
54 -0.879187 0.000000 4.530167 20.017853 -0.000000 0.676991 -0.002932 
55 0.025156 0.000000 0.105875 19.714545 0.000000 0.788477 0.026788 
56 -0.879187 0.000000 0.105875 19.936216 0.000000 0.776093 0.004862 
57 0.025156 0.000000 -0.778983 19.850521 0.000000 0.685516 0.013717 
58 0.929500 0.000000 0.105875 19.619777 0.000001 0.272001 0.037476 
59 0.025156 0.000000 0.990734 20.170645 -0.000000 1.098614 -0.020155 
60 2.738188 0.000000 2.760450 20.023148 -0.000000 0.494223 -0.002927 
61 4.546875 0.000000 2.760450 20.001121 -0.000000 0.495007 -0.000725 
62 2.738188 0.000000 4.530167 20.010066 -0.000000 0.628216 -0.001994 
63 1.833844 0.000000 0.105875 19.895189 0.000001 0.190550 0.010363 
64 1.833844 0.000000 -0.778983 19.903510 0.000000 0.473135 0.009066 
65 2.738188 0.000000 0.105875 19.965673 0.000001 0.228297 0.003299 
66 1.833844 0.000000 0.990734 20.002365 -0.000001 0.067282 -0.000248 
67 0.025156 0.000000 1.875592 20.219523 -0.000000 0.661573 -0.023167 
68 -0.879187 0.000000 1.875592 20.075945 -0.000000 0.730264 -0.008942 
69 0.929500 0.000000 1.875592 20.239433 -0.000001 0.365061 -0.024420 
70 0.025156 0.000000 2.760450 20.101280 -0.000000 0.636260 -0.011166 
71 0.477328 0.000000 0.548304 18.857594 0.000000 0.725035 0.109664 
72 0.025156 0.000000 0.548304 19.731966 0.000000 1.017963 0.024033 
73 0.477328 0.000000 0.105875 19.531700 0.000000 0.572088 0.045463 
74 0.929500 0.000000 0.548304 19.453269 0.000001 -0.213801 0.053812 
75 0.477328 0.000000 0.990734 20.013337 -0.000000 0.047604 -0.001340 
76 1.833844 0.000000 1.875592 20.075300 -0.000001 0.288122 -0.007752 
77 2.738188 0.000000 1.875592 20.021528 -0.000001 0.304537 -0.002386 
78 1.833844 0.000000 2.760450 20.058095 -0.000000 0.501183 -0.006446 
79 1.381672 0.000000 0.548304 19.861328 0.000001 -0.039164 0.013815 
80 1.381672 0.000000 0.105875 19.805357 0.000001 0.190510 0.019279 
81 1.833844 0.000000 0.548304 19.936591 0.000001 0.044641 0.006326 
82 1.381672 0.000000 0.990734 19.998714 -0.000001 -0.024625 0.000127 
1 1 12 10 11 
2 12 7 13 10 
3 11 10 14 6 
4 7 16 15 13 
5 16 2 17 15 
6 15 17 8 18 
7 6 14 19 20 
8 19 21 9 22 
9 20 19 22 4 
10 10 25 23 24 
11 25 13 26 23 
12 24 23 27 14 
13 18 8 29 28 
14 28 29 3 30 
15 21 28 30 9 
16 13 32 31 26 
17 32 15 33 31 
18 31 33 18 34 
19 14 27 35 36 
20 35 37 21 38 
21 36 35 38 19 
22 23 41 39 40 
23 41 26 42 39 
24 40 39 43 27 
25 34 18 45 44 
26 44 45 28 46 
27 37 44 46 21 
28 26 48 47 42 
29 48 31 49 47 
30 47 49 34 50 
31 27 43 51 52 
32 51 53 37 54 
33 52 51 54 35 
34 39 57 55 56 
35 57 42 58 55 
36 56 55 59 43 
37 50 34 61 60 
38 60 61 44 62 
39 53 60 62 37 
40 42 64 63 58 
41 64 47 65 63 
42 63 65 50 66 
43 43 59 67 68 
44 59 5 69 67 
45 67 69 53 70 
46 68 67 70 51 
47 55 73 71 72 
48 73 58 74 71 
49 71 74 5 75 
50 72 71 75 59 
51 5 66 76 69 
52 66 50 77 76 
53 76 77 60 78 
54 69 76 78 53 
55 58 80 79 74 
56 80 63 81 79 
57 79 81 66 82 
58 74 79 82 5 
