2 0.000000 20.000000 82.066944
82 58 
1 -13.540000 0.000000 -13.167000 19.999502 -0.003491 0.001398 0.000050 
2 15.399000 0.000000 -13.167000 19.999374 -0.003490 -0.002394 0.000063 
3 15.399000 0.000000 15.148467 20.000448 -0.003492 -0.004424 -0.000045 
4 -13.540000 0.000000 15.148467 20.000665 -0.003491 -0.001198 -0.000067 
5 0.929500 0.000000 0.990734 19.779944 -0.003520 -2.244510 0.009290 
6 -13.540000 0.000000 0.990734 20.000273 -0.003491 0.000800 -0.000027 
7 0.929500 0.000000 -13.167000 19.998264 -0.003491 0.001731 0.000174 
8 15.399000 0.000000 0.990734 19.999794 -0.001833 -0.128739 -0.000021 
9 0.929500 0.000000 15.148467 20.001628 -0.003491 -0.005143 -0.000163 
10 -6.305250 0.000000 -6.088133 19.997915 -0.003490 0.003197 0.000208 
11 -13.540000 0.000000 -6.088133 19.999606 -0.003491 0.001146 0.000039 
12 -6.305250 0.000000 -13.167000 19.998850 -0.003491 0.002303 0.000115 
13 0.929500 0.000000 -6.088133 19.992954 -0.003491 -0.000554 0.000704 
14 -6.305250 0.000000 0.990734 20.001254 -0.003491 0.003349 -0.000125 
15 8.164250 0.000000 -6.088133 19.997590 -0.003489 -0.012008 0.000241 
16 8.164250 0.000000 -13.167000 19.998752 -0.003491 -0.000808 0.000125 
17 15.399000 0.000000 -6.088133 19.999329 -0.003485 -0.013457 0.000067 
18 8.164250 0.000000 0.990734 19.999277 -0.001828 -0.130749 0.000030 
19 -6.305250 0.000000 8.069600 20.002725 -0.003491 -0.002442 -0.000273 
20 -13.540000 0.000000 8.069600 20.000764 -0.003491 -0.000220 -0.000076 
21 0.929500 0.000000 8.069600 20.006215 -0.003492 -0.013474 -0.000622 
22 -6.305250 0.000000 15.148467 20.001276 -0.003491 -0.002943 -0.000128 
23 -2.687875 0.000000 -2.548700 19.990999 -0.003491 0.008027 0.000900 
24 -6.305250 0.000000 -2.548700 19.998358 -0.003491 0.003506 0.000164 
25 -2.687875 0.000000 -6.088133 19.995183 -0.003491 0.004086 0.000482 
26 0.929500 0.000000 -2.548700 19.972041 -0.003483 -0.018939 0.002793 
27 -2.687875 0.000000 0.990734 20.006442 -0.003492 0.014270 -0.000645 
28 8.164250 0.000000 8.069600 20.001692 -0.003496 -0.014665 -0.000170 
29 15.399000 0.000000 8.069600 20.000352 -0.003500 -0.013100 -0.000036 
30 8.164250 0.000000 15.148467 20.001024 -0.003492 -0.005265 -0.000102 
31 4.546875 0.000000 -2.548700 19.991162 -0.003492 -0.050168 0.000877 
32 4.546875 0.000000 -6.088133 19.995129 -0.003491 -0.008390 0.000487 
33 8.164250 0.000000 -2.548700 19.997504 -0.003477 -0.052152 0.000243 
34 4.546875 0.000000 0.990734 19.997622 -0.001825 -0.138130 0.000190 
35 -2.687875 0.000000 4.530167 20.011236 -0.003490 -0.005333 -0.001124 
36 -6.305250 0.000000 4.530167 20.003233 -0.003491 0.000285 -0.000323 
37 0.929500 0.000000 4.530167 20.022140 -0.003494 -0.038294 -0.002219 
38 -2.687875 0.000000 8.069600 20.005095 -0.003491 -0.006917 -0.000510 
39 -0.879187 0.000000 -0.778983 19.956455 -0.003495 0.025286 0.004348 
40 -2.687875 0.000000 -0.778983 19.993057 -0.003491 0.012593 0.000694 
41 -0.879187 0.000000 -2.548700 19.979392 -0.003494 0.005271 0.002060 
42 0.929500 0.000000 -0.778983 19.893052 -0.003556 -0.094918 0.010644 
43 -0.879187 0.000000 0.990734 20.035627 -0.003491 0.072192 -0.003579 
44 4.546875 0.000000 4.530167 20.005967 -0.003501 -0.047532 -0.000602 
45 8.164250 0.000000 4.530167 20.001313 -0.003514 -0.044618 -0.000136 
46 4.546875 0.000000 8.069600 20.003827 -0.003494 -0.015643 -0.000383 
47 2.738188 0.000000 -0.778983 19.969373 -0.003559 -0.164556 0.002993 
48 2.738188 0.000000 -2.548700 19.981977 -0.003491 -0.042575 0.001797 
49 4.546875 0.000000 -0.778983 19.991409 -0.003523 -0.161607 0.000794 
50 2.738188 0.000000 0.990734 19.990202 -0.001770 -0.160924 0.000915 
51 -0.879187 0.000000 2.760450 20.047961 -0.003496 -0.012502 -0.004802 
52 -2.687875 0.000000 2.760450 20.014117 -0.003490 0.003209 -0.001412 
53 0.929500 0.000000 2.760450 20.072358 -0.003470 -0.104343 -0.007276 
54 -0.879187 0.000000 4.530167 20.019776 -0.003491 -0.018147 -0.001979 
55 0.025156 0.000000 0.105875 19.814018 -0.003561 0.071934 0.018499 
56 -0.879187 0.000000 0.105875 19.966873 -0.003502 0.058839 0.003301 
57 0.025156 0.000000 -0.778983 19.906581 -0.003524 -0.002373 0.009320 
58 0.929500 0.000000 0.105875 19.745646 -0.003778 -0.285153 0.025070 
59 0.025156 0.000000 0.990734 20.130769 -0.003481 0.278463 -0.013314 
60 2.738188 0.000000 2.760450 20.019043 -0.003486 -0.130400 -0.001948 
61 4.546875 0.000000 2.760450 20.004272 -0.003515 -0.122750 -0.000465 
62 2.738188 0.000000 4.530167 20.013183 -0.003494 -0.047627 -0.001324 
63 1.833844 0.000000 0.105875 19.930753 -0.003859 -0.332245 0.006637 
64 1.833844 0.000000 -0.778983 19.937883 -0.003567 -0.152867 0.006144 
65 2.738188 0.000000 0.105875 19.974322 -0.003843 -0.310137 0.002326 
66 1.833844 0.000000 0.990734 19.993876 -0.001594 -0.194871 0.000517 
67 0.025156 0.000000 1.875592 20.155461 -0.003459 -0.035835 -0.015610 
68 -0.879187 0.000000 1.875592 20.064415 -0.003487 0.018585 -0.006453 
69 0.929500 0.000000 1.875592 20.150588 -0.003377 -0.226219 -0.015243 
70 0.025156 0.000000 2.760450 20.074491 -0.003478 -0.049444 -0.007469 
71 0.477328 0.000000 0.548304 19.233199 -0.003788 0.043183 0.075205 
72 0.025156 0.000000 0.548304 19.827976 -0.003564 0.231417 0.016995 
73 0.477328 0.000000 0.105875 19.688005 -0.003662 -0.076805 0.030941 
74 0.929500 0.000000 0.548304 19.627477 -0.004102 -0.635947 0.035894 
75 0.477328 0.000000 0.990734 19.991291 -0.003515 0.046153 0.000865 
76 1.833844 0.000000 1.875592 20.044564 -0.003348 -0.248592 -0.004616 
77 2.738188 0.000000 1.875592 20.013660 -0.003377 -0.229802 -0.001499 
78 1.833844 0.000000 2.760450 20.041804 -0.003473 -0.130348 -0.004227 
79 1.381672 0.000000 0.548304 19.938550 -0.004277 -0.439881 0.005652 
80 1.381672 0.000000 0.105875 19.874070 -0.003840 -0.336062 0.012271 
81 1.833844 0.000000 0.548304 19.960353 -0.004311 -0.368866 0.003621 
82 1.381672 0.000000 0.990734 19.850080 -0.001788 -0.210469 0.014825 
1 1 12 10 11 
2 12 7 13 10 
3 11 10 14 6 
4 7 16 15 13 
5 16 2 17 15 
6 15 17 8 18 
7 6 14 19 20 
8 19 21 9 22 
9 20 19 22 4 
10 10 25 23 24 
11 25 13 26 23 
12 24 23 27 14 
13 18 8 29 28 
14 28 29 3 30 
15 21 28 30 9 
16 13 32 31 26 
17 32 15 33 31 
18 31 33 18 34 
19 14 27 35 36 
20 35 37 21 38 
21 36 35 38 19 
22 23 41 39 40 
23 41 26 42 39 
24 40 39 43 27 
25 34 18 45 44 
26 44 45 28 46 
27 37 44 46 21 
28 26 48 47 42 
29 48 31 49 47 
30 47 49 34 50 
31 27 43 51 52 
32 51 53 37 54 
33 52 51 54 35 
34 39 57 55 56 
35 57 42 58 55 
36 56 55 59 43 
37 50 34 61 60 
38 60 61 44 62 
39 53 60 62 37 
40 42 64 63 58 
41 64 47 65 63 
42 63 65 50 66 
43 43 59 67 68 
44 59 5 69 67 
45 67 69 53 70 
46 68 67 70 51 
47 55 73 71 72 
48 73 58 74 71 
49 71 74 5 75 
50 72 71 75 59 
51 5 66 76 69 
52 66 50 77 76 
53 76 77 60 78 
54 69 76 78 53 
55 58 80 79 74 
56 80 63 81 79 
57 79 81 66 82 
58 74 79 82 5 
