2 0.000000 20.000000 82.066944
82 58 
1 -13.540000 0.000000 -13.167000 19.987044 -0.000003 0.699428 0.000072 
2 15.399000 0.000000 -13.167000 19.987049 -0.000032 0.694391 0.000089 
3 15.399000 0.000000 15.148467 19.988693 0.000000 0.691714 -0.000066 
4 -13.540000 0.000000 15.148467 19.988804 -0.000002 0.696813 -0.000095 
5 0.929500 0.000000 0.990734 19.721142 0.000120 -2.237812 0.015172 
6 -13.540000 0.000000 0.990734 19.988136 -0.000004 0.699141 -0.000036 
7 0.929500 0.000000 -13.167000 19.985279 -0.000018 0.699011 0.000250 
8 15.399000 0.000000 0.990734 20.005787 -0.009183 0.175568 -0.000656 
9 0.929500 0.000000 15.148467 19.990388 -0.000001 0.691995 -0.000236 
10 -6.305250 0.000000 -6.088133 19.984675 -0.000015 0.701390 0.000302 
11 -13.540000 0.000000 -6.088133 19.987187 -0.000004 0.699306 0.000058 
12 -6.305250 0.000000 -13.167000 19.986080 -0.000008 0.700195 0.000166 
13 0.929500 0.000000 -6.088133 19.977785 -0.000090 0.694481 0.001014 
14 -6.305250 0.000000 0.990734 19.989283 -0.000014 0.702804 -0.000163 
15 8.164250 0.000000 -6.088133 19.984949 -0.000185 0.681142 0.000345 
16 8.164250 0.000000 -13.167000 19.986095 -0.000028 0.695968 0.000179 
17 15.399000 0.000000 -6.088133 19.987463 -0.000186 0.680878 0.000094 
18 8.164250 0.000000 0.990734 20.005318 -0.016998 0.169608 -0.000604 
19 -6.305250 0.000000 8.069600 19.991777 -0.000004 0.695652 -0.000388 
20 -13.540000 0.000000 8.069600 19.988893 -0.000003 0.697920 -0.000107 
21 0.929500 0.000000 8.069600 19.997472 0.000022 0.681127 -0.000907 
22 -6.305250 0.000000 15.148467 19.989757 -0.000002 0.694891 -0.000183 
23 -2.687875 0.000000 -2.548700 19.974484 -0.000065 0.706909 0.001301 
24 -6.305250 0.000000 -2.548700 19.985229 -0.000018 0.702320 0.000243 
25 -2.687875 0.000000 -6.088133 19.980743 -0.000037 0.701600 0.000694 
26 0.929500 0.000000 -2.548700 19.948559 -0.000431 0.666804 0.004026 
27 -2.687875 0.000000 0.990734 19.995341 -0.000039 0.718524 -0.000825 
28 8.164250 0.000000 8.069600 19.991079 0.000069 0.676196 -0.000251 
29 15.399000 0.000000 8.069600 19.989098 0.000081 0.676391 -0.000054 
30 8.164250 0.000000 15.148467 19.989548 0.000000 0.691165 -0.000149 
31 4.546875 0.000000 -2.548700 19.977470 -0.001022 0.629088 0.001262 
32 4.546875 0.000000 -6.088133 19.981262 -0.000156 0.684743 0.000701 
33 8.164250 0.000000 -2.548700 19.986582 -0.001066 0.631422 0.000345 
34 4.546875 0.000000 0.990734 20.002843 0.020111 0.185646 -0.000372 
35 -2.687875 0.000000 4.530167 20.003969 0.000002 0.693012 -0.001598 
36 -6.305250 0.000000 4.530167 19.992311 -0.000007 0.698981 -0.000453 
37 0.929500 0.000000 4.530167 20.022151 0.000218 0.646863 -0.003262 
38 -2.687875 0.000000 8.069600 19.995417 0.000000 0.690365 -0.000733 
39 -0.879187 0.000000 -0.778983 19.924405 -0.000258 0.728007 0.006220 
40 -2.687875 0.000000 -0.778983 19.976875 -0.000068 0.714378 0.001035 
41 -0.879187 0.000000 -2.548700 19.958121 -0.000168 0.700920 0.002955 
42 0.929500 0.000000 -0.778983 19.840338 -0.001210 0.557135 0.015127 
43 -0.879187 0.000000 0.990734 20.030001 -0.000059 0.800469 -0.004604 
44 4.546875 0.000000 4.530167 19.999329 0.000625 0.625329 -0.000910 
45 8.164250 0.000000 4.530167 19.992393 0.000755 0.624051 -0.000213 
46 4.546875 0.000000 8.069600 19.994204 0.000053 0.676358 -0.000564 
47 2.738188 0.000000 -0.778983 19.951093 -0.003546 0.468558 0.004336 
48 2.738188 0.000000 -2.548700 19.963735 -0.000810 0.636463 0.002610 
49 4.546875 0.000000 -0.778983 19.982866 -0.004423 0.483569 0.001128 
50 2.738188 0.000000 0.990734 20.001254 0.015355 0.148400 -0.000181 
51 -0.879187 0.000000 2.760450 20.056429 0.000099 0.686792 -0.006830 
52 -2.687875 0.000000 2.760450 20.007261 -0.000008 0.704215 -0.001966 
53 0.929500 0.000000 2.760450 20.099634 0.000786 0.552231 -0.010751 
54 -0.879187 0.000000 4.530167 20.017113 0.000047 0.676662 -0.002857 
55 0.025156 0.000000 0.105875 19.721950 -0.000726 0.785320 0.026070 
56 -0.879187 0.000000 0.105875 19.935737 -0.000225 0.776967 0.004907 
57 0.025156 0.000000 -0.778983 19.855989 -0.000550 0.685089 0.013176 
58 0.929500 0.000000 0.105875 19.632775 -0.002431 0.286069 0.036181 
59 0.025156 0.000000 0.990734 20.172686 0.000143 1.104445 -0.020393 
60 2.738188 0.000000 2.760450 20.024431 0.002603 0.495520 -0.003058 
61 4.546875 0.000000 2.760450 20.001823 0.003555 0.494812 -0.000794 
62 2.738188 0.000000 4.530167 20.009925 0.000454 0.629006 -0.001982 
63 1.833844 0.000000 0.105875 19.896101 -0.004447 0.202616 0.010260 
64 1.833844 0.000000 -0.778983 19.905091 -0.002306 0.480048 0.008892 
65 2.738188 0.000000 0.105875 19.965986 -0.007165 0.242019 0.003252 
66 1.833844 0.000000 0.990734 20.007256 0.008037 0.074294 -0.000740 
67 0.025156 0.000000 1.875592 20.213356 0.000479 0.659059 -0.022535 
68 -0.879187 0.000000 1.875592 20.076553 0.000078 0.730110 -0.009003 
69 0.929500 0.000000 1.875592 20.231450 0.001780 0.373547 -0.023628 
70 0.025156 0.000000 2.760450 20.097467 0.000314 0.635296 -0.010779 
71 0.477328 0.000000 0.548304 18.903886 -0.002104 0.722462 0.105303 
72 0.025156 0.000000 0.548304 19.733493 -0.000578 1.018483 0.023880 
73 0.477328 0.000000 0.105875 19.552105 -0.001482 0.574725 0.043462 
74 0.929500 0.000000 0.548304 19.463452 -0.004170 -0.193543 0.052841 
75 0.477328 0.000000 0.990734 20.015459 -0.000159 0.047626 -0.001552 
76 1.833844 0.000000 1.875592 20.078337 0.004106 0.293672 -0.008065 
77 2.738188 0.000000 1.875592 20.024644 0.006879 0.306640 -0.002701 
78 1.833844 0.000000 2.760450 20.058000 0.001635 0.504287 -0.006444 
79 1.381672 0.000000 0.548304 19.861826 -0.004750 -0.027851 0.013768 
80 1.381672 0.000000 0.105875 19.808260 -0.003315 0.203528 0.018979 
81 1.833844 0.000000 0.548304 19.938755 -0.005234 0.057525 0.006107 
82 1.381672 0.000000 0.990734 20.005083 0.006891 -0.020536 -0.000510 
1 1 12 10 11 
2 12 7 13 10 
3 11 10 14 6 
4 7 16 15 13 
5 16 2 17 15 
6 15 17 8 18 
7 6 14 19 20 
8 19 21 9 22 
9 20 19 22 4 
10 10 25 23 24 
11 25 13 26 23 
12 24 23 27 14 
13 18 8 29 28 
14 28 29 3 30 
15 21 28 30 9 
16 13 32 31 26 
17 32 15 33 31 
18 31 33 18 34 
19 14 27 35 36 
20 35 37 21 38 
21 36 35 38 19 
22 23 41 39 40 
23 41 26 42 39 
24 40 39 43 27 
25 34 18 45 44 
26 44 45 28 46 
27 37 44 46 21 
28 26 48 47 42 
29 48 31 49 47 
30 47 49 34 50 
31 27 43 51 52 
32 51 53 37 54 
33 52 51 54 35 
34 39 57 55 56 
35 57 42 58 55 
36 56 55 59 43 
37 50 34 61 60 
38 60 61 44 62 
39 53 60 62 37 
40 42 64 63 58 
41 64 47 65 63 
42 63 65 50 66 
43 43 59 67 68 
44 59 5 69 67 
45 67 69 53 70 
46 68 67 70 51 
47 55 73 71 72 
48 73 58 74 71 
49 71 74 5 75 
50 72 71 75 59 
51 5 66 76 69 
52 66 50 77 76 
53 76 77 60 78 
54 69 76 78 53 
55 58 80 79 74 
56 80 63 81 79 
57 79 81 66 82 
58 74 79 82 5 
