2 0.000000 20.000000 82.066944
82 58 
1 -13.540000 0.000000 -13.167000 19.996316 0.000011 0.350467 0.000061 
2 15.399000 0.000000 -13.167000 19.996249 0.000072 0.346028 0.000076 
3 15.399000 0.000000 15.148467 19.997604 0.000078 0.343715 -0.000056 
4 -13.540000 0.000000 15.148467 19.997780 0.000011 0.347861 -0.000081 
5 0.929500 0.000000 0.990734 19.753641 0.002704 -2.241513 0.011923 
6 -13.540000 0.000000 0.990734 19.997248 0.000018 0.350026 -0.000031 
7 0.929500 0.000000 -13.167000 19.994809 0.000040 0.350417 0.000212 
8 15.399000 0.000000 0.990734 20.003290 -0.008869 -0.027261 -0.000331 
9 0.929500 0.000000 15.148467 19.999053 0.000042 0.343479 -0.000200 
10 -6.305250 0.000000 -6.088133 19.994332 0.000040 0.352348 0.000256 
11 -13.540000 0.000000 -6.088133 19.996439 0.000015 0.350280 0.000049 
12 -6.305250 0.000000 -13.167000 19.995506 0.000021 0.351300 0.000141 
13 0.929500 0.000000 -6.088133 19.988389 0.000135 0.346999 0.000860 
14 -6.305250 0.000000 0.990734 19.998311 0.000059 0.353137 -0.000143 
15 8.164250 0.000000 -6.088133 19.994285 0.000257 0.334554 0.000292 
16 8.164250 0.000000 -13.167000 19.995460 0.000060 0.347618 0.000152 
17 15.399000 0.000000 -6.088133 19.996416 0.000286 0.333650 0.000080 
18 8.164250 0.000000 0.990734 20.001702 -0.022135 0.031682 -0.000174 
19 -6.305250 0.000000 8.069600 20.000298 0.000041 0.346659 -0.000330 
20 -13.540000 0.000000 8.069600 19.997874 0.000016 0.348904 -0.000092 
21 0.929500 0.000000 8.069600 20.004891 0.000143 0.333870 -0.000768 
22 -6.305250 0.000000 15.148467 19.998563 0.000022 0.346028 -0.000156 
23 -2.687875 0.000000 -2.548700 19.985763 0.000124 0.357530 0.001104 
24 -6.305250 0.000000 -2.548700 19.994830 0.000053 0.352971 0.000205 
25 -2.687875 0.000000 -6.088133 19.990993 0.000074 0.352892 0.000589 
26 0.929500 0.000000 -2.548700 19.963229 0.000360 0.323985 0.003411 
27 -2.687875 0.000000 0.990734 20.003940 0.000166 0.366476 -0.000730 
28 8.164250 0.000000 8.069600 19.999389 0.000283 0.330855 -0.000213 
29 15.399000 0.000000 8.069600 19.997701 0.000332 0.331883 -0.000045 
30 8.164250 0.000000 15.148467 19.998325 0.000064 0.343007 -0.000127 
31 4.546875 0.000000 -2.548700 19.987278 0.000663 0.289428 0.001062 
32 4.546875 0.000000 -6.088133 19.991211 0.000209 0.338189 0.000593 
33 8.164250 0.000000 -2.548700 19.994994 0.000802 0.289449 0.000291 
34 4.546875 0.000000 0.990734 20.000210 -0.020163 0.028099 -0.000024 
35 -2.687875 0.000000 4.530167 20.010662 0.000128 0.343894 -0.001362 
36 -6.305250 0.000000 4.530167 20.000819 0.000053 0.349690 -0.000388 
37 0.929500 0.000000 4.530167 20.025234 0.000388 0.304275 -0.002756 
38 -2.687875 0.000000 8.069600 20.003306 0.000076 0.341776 -0.000623 
39 -0.879187 0.000000 -0.778983 19.943395 0.000334 0.376791 0.005298 
40 -2.687875 0.000000 -0.778983 19.987992 0.000152 0.363560 0.000870 
41 -0.879187 0.000000 -2.548700 19.971759 0.000207 0.353149 0.002510 
42 0.929500 0.000000 -0.778983 19.869706 0.000429 0.231166 0.012853 
43 -0.879187 0.000000 0.990734 20.035861 0.000406 0.436287 -0.004065 
44 4.546875 0.000000 4.530167 20.005585 0.000798 0.288917 -0.000767 
45 8.164250 0.000000 4.530167 19.999672 0.000980 0.290149 -0.000178 
46 4.546875 0.000000 8.069600 20.002042 0.000225 0.330405 -0.000477 
47 2.738188 0.000000 -0.778983 19.963212 0.000112 0.152291 0.003617 
48 2.738188 0.000000 -2.548700 19.975775 0.000502 0.296945 0.002201 
49 4.546875 0.000000 -0.778983 19.989884 0.000272 0.160982 0.000947 
50 2.738188 0.000000 0.990734 20.000176 -0.015349 -0.004997 -0.000018 
51 -0.879187 0.000000 2.760450 20.055340 0.000348 0.337255 -0.005826 
52 -2.687875 0.000000 2.760450 20.013749 0.000156 0.353777 -0.001688 
53 0.929500 0.000000 2.760450 20.089215 0.000634 0.223879 -0.009067 
54 -0.879187 0.000000 4.530167 20.021523 0.000221 0.329298 -0.002425 
55 0.025156 0.000000 0.105875 19.770919 0.000435 0.428733 0.022317 
56 -0.879187 0.000000 0.105875 19.954296 0.000382 0.418100 0.004128 
57 0.025156 0.000000 -0.778983 19.884216 -0.000091 0.341213 0.011254 
58 0.929500 0.000000 0.105875 19.692206 0.000333 0.000321 0.030543 
59 0.025156 0.000000 0.990734 20.154887 0.000470 0.691745 -0.016745 
60 2.738188 0.000000 2.760450 20.024807 0.000994 0.182165 -0.002565 
61 4.546875 0.000000 2.760450 20.005646 0.001127 0.186065 -0.000651 
62 2.738188 0.000000 4.530167 20.014586 0.000611 0.290634 -0.001670 
63 1.833844 0.000000 0.105875 19.916845 -0.001327 -0.064729 0.008288 
64 1.833844 0.000000 -0.778983 19.924543 0.000288 0.163752 0.007464 
65 2.738188 0.000000 0.105875 19.973231 -0.003750 -0.033502 0.002672 
66 1.833844 0.000000 0.990734 20.003911 -0.003795 -0.061309 -0.000401 
67 0.025156 0.000000 1.875592 20.187621 0.000482 0.311681 -0.019093 
68 -0.879187 0.000000 1.875592 20.073623 0.000392 0.374509 -0.007727 
69 0.929500 0.000000 1.875592 20.194430 0.000586 0.073558 -0.019551 
70 0.025156 0.000000 2.760450 20.089118 0.000504 0.292751 -0.009146 
71 0.477328 0.000000 0.548304 19.071073 0.000528 0.382877 0.090369 
72 0.025156 0.000000 0.548304 19.783665 0.000460 0.625179 0.020539 
73 0.477328 0.000000 0.105875 19.622940 0.000460 0.248964 0.037196 
74 0.929500 0.000000 0.548304 19.548303 0.000456 -0.415261 0.044228 
75 0.477328 0.000000 0.990734 20.006527 0.000203 0.046897 -0.000658 
76 1.833844 0.000000 1.875592 20.065027 0.000113 0.022120 -0.006515 
77 2.738188 0.000000 1.875592 20.022209 -0.000764 0.037735 -0.002226 
78 1.833844 0.000000 2.760450 20.053142 0.000828 0.186719 -0.005408 
79 1.381672 0.000000 0.548304 19.903433 -0.000290 -0.234622 0.009496 
80 1.381672 0.000000 0.105875 19.844397 -0.000195 -0.066398 0.015489 
81 1.833844 0.000000 0.548304 19.953187 -0.002353 -0.156480 0.004615 
82 1.381672 0.000000 0.990734 19.931215 -0.001673 -0.116790 0.006833 
1 1 12 10 11 
2 12 7 13 10 
3 11 10 14 6 
4 7 16 15 13 
5 16 2 17 15 
6 15 17 8 18 
7 6 14 19 20 
8 19 21 9 22 
9 20 19 22 4 
10 10 25 23 24 
11 25 13 26 23 
12 24 23 27 14 
13 18 8 29 28 
14 28 29 3 30 
15 21 28 30 9 
16 13 32 31 26 
17 32 15 33 31 
18 31 33 18 34 
19 14 27 35 36 
20 35 37 21 38 
21 36 35 38 19 
22 23 41 39 40 
23 41 26 42 39 
24 40 39 43 27 
25 34 18 45 44 
26 44 45 28 46 
27 37 44 46 21 
28 26 48 47 42 
29 48 31 49 47 
30 47 49 34 50 
31 27 43 51 52 
32 51 53 37 54 
33 52 51 54 35 
34 39 57 55 56 
35 57 42 58 55 
36 56 55 59 43 
37 50 34 61 60 
38 60 61 44 62 
39 53 60 62 37 
40 42 64 63 58 
41 64 47 65 63 
42 63 65 50 66 
43 43 59 67 68 
44 59 5 69 67 
45 67 69 53 70 
46 68 67 70 51 
47 55 73 71 72 
48 73 58 74 71 
49 71 74 5 75 
50 72 71 75 59 
51 5 66 76 69 
52 66 50 77 76 
53 76 77 60 78 
54 69 76 78 53 
55 58 80 79 74 
56 80 63 81 79 
57 79 81 66 82 
58 74 79 82 5 
