2 0.000000 20.000000 82.066944
82 58 
1 -13.540000 0.000000 -13.167000 19.987723 -0.000000 -0.693138 0.000026 
2 15.399000 0.000000 -13.167000 19.987517 0.000000 -0.695542 0.000038 
3 15.399000 0.000000 15.148467 19.988071 -0.000000 -0.697368 -0.000023 
4 -13.540000 0.000000 15.148467 19.988307 -0.000000 -0.695722 -0.000041 
5 0.929500 0.000000 0.990734 19.822189 -0.000000 -2.249329 0.005053 
6 -13.540000 0.000000 0.990734 19.988192 -0.000000 -0.694044 -0.000024 
7 0.929500 0.000000 -13.167000 19.987030 0.000000 -0.692023 0.000099 
8 15.399000 0.000000 0.990734 19.987981 -0.000000 -0.688070 0.000018 
9 0.929500 0.000000 15.148467 19.988707 -0.000000 -0.698872 -0.000092 
10 -6.305250 0.000000 -6.088133 19.986950 0.000000 -0.691478 0.000109 
11 -13.540000 0.000000 -6.088133 19.987799 -0.000000 -0.693516 0.000017 
12 -6.305250 0.000000 -13.167000 19.987387 0.000000 -0.692083 0.000063 
13 0.929500 0.000000 -6.088133 19.983996 0.000000 -0.691929 0.000403 
14 -6.305250 0.000000 0.990734 19.989090 -0.000000 -0.692584 -0.000108 
15 8.164250 0.000000 -6.088133 19.986243 0.000000 -0.701030 0.000147 
16 8.164250 0.000000 -13.167000 19.987214 0.000000 -0.694015 0.000074 
17 15.399000 0.000000 -6.088133 19.987207 0.000000 -0.703121 0.000043 
18 8.164250 0.000000 0.990734 19.992424 -0.000000 -0.547234 0.000009 
19 -6.305250 0.000000 8.069600 19.989525 -0.000000 -0.697061 -0.000167 
20 -13.540000 0.000000 8.069600 19.988424 -0.000000 -0.694868 -0.000050 
21 0.929500 0.000000 8.069600 19.991039 -0.000000 -0.704888 -0.000346 
22 -6.305250 0.000000 15.148467 19.988597 -0.000000 -0.697310 -0.000076 
23 -2.687875 0.000000 -2.548700 19.983457 0.000000 -0.687226 0.000473 
24 -6.305250 0.000000 -2.548700 19.987319 0.000000 -0.691778 0.000071 
25 -2.687875 0.000000 -6.088133 19.985440 0.000000 -0.689863 0.000266 
26 0.929500 0.000000 -2.548700 19.971705 0.000000 -0.700379 0.001601 
27 -2.687875 0.000000 0.990734 19.993737 -0.000000 -0.686391 -0.000552 
28 8.164250 0.000000 8.069600 19.988500 -0.000000 -0.703178 -0.000086 
29 15.399000 0.000000 8.069600 19.987859 -0.000000 -0.701255 -0.000016 
30 8.164250 0.000000 15.148467 19.988359 -0.000000 -0.698386 -0.000056 
31 4.546875 0.000000 -2.548700 19.981620 0.000000 -0.723319 0.000529 
32 4.546875 0.000000 -6.088133 19.984954 0.000000 -0.697675 0.000287 
33 8.164250 0.000000 -2.548700 19.985201 0.000000 -0.727563 0.000156 
34 4.546875 0.000000 0.990734 19.993129 -0.000000 -0.485977 0.000097 
35 -2.687875 0.000000 4.530167 19.994614 -0.000000 -0.700257 -0.000687 
36 -6.305250 0.000000 4.530167 19.990036 -0.000000 -0.694915 -0.000211 
37 0.929500 0.000000 4.530167 19.999060 -0.000000 -0.720968 -0.001206 
38 -2.687875 0.000000 8.069600 19.990710 -0.000000 -0.700796 -0.000299 
39 -0.879187 0.000000 -0.778983 19.964968 0.000000 -0.673296 0.002367 
40 -2.687875 0.000000 -0.778983 19.985325 0.000000 -0.685545 0.000292 
41 -0.879187 0.000000 -2.548700 19.976733 0.000000 -0.686559 0.001147 
42 0.929500 0.000000 -0.778983 19.923733 0.000000 -0.741143 0.006239 
43 -0.879187 0.000000 0.990734 20.018372 -0.000000 -0.652651 -0.002903 
44 4.546875 0.000000 4.530167 19.989991 -0.000000 -0.720784 -0.000298 
45 8.164250 0.000000 4.530167 19.987732 -0.000000 -0.716869 -0.000058 
46 4.546875 0.000000 8.069600 19.989619 -0.000000 -0.704848 -0.000204 
47 2.738188 0.000000 -0.778983 19.966812 0.000000 -0.786479 0.001770 
48 2.738188 0.000000 -2.548700 19.976659 0.000000 -0.716793 0.001048 
49 4.546875 0.000000 -0.778983 19.979253 0.000000 -0.789567 0.000515 
50 2.738188 0.000000 0.990734 19.998331 -0.000000 -0.473584 -0.000394 
51 -0.879187 0.000000 2.760450 20.016512 -0.000000 -0.708446 -0.002907 
52 -2.687875 0.000000 2.760450 19.997193 -0.000000 -0.694303 -0.000924 
53 0.929500 0.000000 2.760450 20.024090 -0.000000 -0.759608 -0.003853 
54 -0.879187 0.000000 4.530167 19.998861 -0.000000 -0.709771 -0.001146 
55 0.025156 0.000000 0.105875 19.884142 0.000000 -0.636714 0.010539 
56 -0.879187 0.000000 0.105875 19.974893 0.000000 -0.655120 0.001436 
57 0.025156 0.000000 -0.778983 19.934265 0.000000 -0.685283 0.005389 
58 0.929500 0.000000 0.105875 19.839328 0.000000 -0.849659 0.014198 
59 0.025156 0.000000 0.990734 20.068158 -0.000000 -0.543314 -0.007565 
60 2.738188 0.000000 2.760450 19.994641 -0.000000 -0.761623 -0.000914 
61 4.546875 0.000000 2.760450 19.987668 -0.000000 -0.753468 -0.000186 
62 2.738188 0.000000 4.530167 19.993750 -0.000000 -0.723098 -0.000682 
63 1.833844 0.000000 0.105875 19.949368 0.000000 -0.853433 0.003236 
64 1.833844 0.000000 -0.778983 19.949409 0.000000 -0.777576 0.003541 
65 2.738188 0.000000 0.105875 19.967255 0.000001 -0.839315 0.001511 
66 1.833844 0.000000 0.990734 19.979433 -0.000000 -0.462713 0.001520 
67 0.025156 0.000000 1.875592 20.076320 -0.000000 -0.727768 -0.008971 
68 -0.879187 0.000000 1.875592 20.029574 -0.000000 -0.689315 -0.004147 
69 0.929500 0.000000 1.875592 20.051503 -0.000000 -0.825358 -0.006860 
70 0.025156 0.000000 2.760450 20.029195 -0.000000 -0.731925 -0.004261 
71 0.477328 0.000000 0.548304 19.542014 0.000000 -0.631392 0.044278 
72 0.025156 0.000000 0.548304 19.901057 0.000000 -0.551089 0.009111 
73 0.477328 0.000000 0.105875 19.803020 0.000000 -0.723032 0.018294 
74 0.929500 0.000000 0.548304 19.774658 0.000000 -1.072854 0.019530 
75 0.477328 0.000000 0.990734 19.948694 -0.000000 0.044624 0.005119 
76 1.833844 0.000000 1.875592 19.996913 -0.000000 -0.796708 -0.001278 
77 2.738188 0.000000 1.875592 19.990442 -0.000000 -0.783080 -0.000577 
78 1.833844 0.000000 2.760450 20.005962 -0.000000 -0.766430 -0.002065 
79 1.381672 0.000000 0.548304 20.002384 0.000000 -0.842229 -0.002012 
80 1.381672 0.000000 0.105875 19.922534 0.000000 -0.866097 0.005856 
81 1.833844 0.000000 0.548304 19.972242 0.000000 -0.778381 0.001259 
82 1.381672 0.000000 0.990734 19.685902 -0.000000 -0.398219 0.030767 
1 1 12 10 11 
2 12 7 13 10 
3 11 10 14 6 
4 7 16 15 13 
5 16 2 17 15 
6 15 17 8 18 
7 6 14 19 20 
8 19 21 9 22 
9 20 19 22 4 
10 10 25 23 24 
11 25 13 26 23 
12 24 23 27 14 
13 18 8 29 28 
14 28 29 3 30 
15 21 28 30 9 
16 13 32 31 26 
17 32 15 33 31 
18 31 33 18 34 
19 14 27 35 36 
20 35 37 21 38 
21 36 35 38 19 
22 23 41 39 40 
23 41 26 42 39 
24 40 39 43 27 
25 34 18 45 44 
26 44 45 28 46 
27 37 44 46 21 
28 26 48 47 42 
29 48 31 49 47 
30 47 49 34 50 
31 27 43 51 52 
32 51 53 37 54 
33 52 51 54 35 
34 39 57 55 56 
35 57 42 58 55 
36 56 55 59 43 
37 50 34 61 60 
38 60 61 44 62 
39 53 60 62 37 
40 42 64 63 58 
41 64 47 65 63 
42 63 65 50 66 
43 43 59 67 68 
44 59 5 69 67 
45 67 69 53 70 
46 68 67 70 51 
47 55 73 71 72 
48 73 58 74 71 
49 71 74 5 75 
50 72 71 75 59 
51 5 66 76 69 
52 66 50 77 76 
53 76 77 60 78 
54 69 76 78 53 
55 58 80 79 74 
56 80 63 81 79 
57 79 81 66 82 
58 74 79 82 5 
