2 0.000000 20.000000 82.066944
82 58 
1 -13.540000 0.000000 -13.167000 19.585061 -0.000000 4.044881 0.000161 
2 15.399000 0.000000 -13.167000 19.586239 -0.000000 4.035802 0.000229 
3 15.399000 0.000000 15.148467 19.592112 -0.000000 4.025751 -0.000144 
4 -13.540000 0.000000 15.148467 19.589179 -0.000000 4.044605 -0.000237 
5 0.929500 0.000000 0.990734 19.210748 -0.000000 -2.179784 0.065489 
6 -13.540000 0.000000 0.990734 19.587378 -0.000000 4.047183 -0.000113 
7 0.929500 0.000000 -13.167000 19.581761 -0.000000 4.039205 0.000599 
8 15.399000 0.000000 0.990734 19.639304 0.000000 3.784949 -0.000070 
9 0.929500 0.000000 15.148467 19.593975 -0.000000 4.037259 -0.000558 
10 -6.305250 0.000000 -6.088133 19.579476 -0.000000 4.046393 0.000677 
11 -13.540000 0.000000 -6.088133 19.585227 -0.000000 4.046180 0.000118 
12 -6.305250 0.000000 -13.167000 19.583058 -0.000000 4.043582 0.000383 
13 0.929500 0.000000 -6.088133 19.566426 -0.000000 4.022468 0.002437 
14 -6.305250 0.000000 0.990734 19.589212 -0.000000 4.056126 -0.000474 
15 8.164250 0.000000 -6.088133 19.584797 -0.000000 4.009722 0.000895 
16 8.164250 0.000000 -13.167000 19.584044 -0.000000 4.035715 0.000446 
17 15.399000 0.000000 -6.088133 19.589484 -0.000000 4.018676 0.000256 
18 8.164250 0.000000 0.990734 19.739284 0.000001 3.285376 -0.001083 
19 -6.305250 0.000000 8.069600 19.596436 -0.000000 4.045206 -0.000960 
20 -13.540000 0.000000 8.069600 19.589312 -0.000000 4.045926 -0.000277 
21 0.929500 0.000000 8.069600 19.614275 -0.000000 4.016390 -0.002128 
22 -6.305250 0.000000 15.148467 19.591682 -0.000000 4.042866 -0.000447 
23 -2.687875 0.000000 -2.548700 19.555037 -0.000000 4.052215 0.002950 
24 -6.305250 0.000000 -2.548700 19.580057 -0.000000 4.051889 0.000509 
25 -2.687875 0.000000 -6.088133 19.571152 -0.000000 4.040705 0.001607 
26 0.929500 0.000000 -2.548700 19.506312 0.000000 3.950461 0.009744 
27 -2.687875 0.000000 0.990734 19.597868 -0.000000 4.094842 -0.002110 
28 8.164250 0.000000 8.069600 19.606570 -0.000000 3.975108 -0.000548 
29 15.399000 0.000000 8.069600 19.612311 -0.000000 3.925723 -0.000135 
30 8.164250 0.000000 15.148467 19.593105 -0.000000 4.030686 -0.000340 
31 4.546875 0.000000 -2.548700 19.580078 0.000000 3.907610 0.003378 
32 4.546875 0.000000 -6.088133 19.576124 -0.000000 4.008973 0.001759 
33 8.164250 0.000000 -2.548700 19.597734 0.000000 3.942271 0.000968 
34 4.546875 0.000000 0.990734 19.876756 0.000003 2.558521 -0.004079 
35 -2.687875 0.000000 4.530167 19.626127 -0.000000 4.046701 -0.003902 
36 -6.305250 0.000000 4.530167 19.597198 -0.000000 4.050637 -0.001145 
37 0.929500 0.000000 4.530167 19.685487 -0.000000 3.939216 -0.007590 
38 -2.687875 0.000000 8.069600 19.606210 -0.000000 4.038015 -0.001773 
39 -0.879187 0.000000 -0.778983 19.434657 0.000000 4.082987 0.014058 
40 -2.687875 0.000000 -0.778983 19.556830 -0.000000 4.076644 0.002278 
41 -0.879187 0.000000 -2.548700 19.520319 0.000000 4.026274 0.006866 
42 0.929500 0.000000 -0.778983 19.279304 0.000000 3.685463 0.036815 
43 -0.879187 0.000000 0.990734 19.647855 -0.000000 4.295987 -0.011234 
44 4.546875 0.000000 4.530167 19.653128 -0.000000 3.814460 -0.001989 
45 8.164250 0.000000 4.530167 19.663858 -0.000000 3.688519 -0.000681 
46 4.546875 0.000000 8.069600 19.610444 -0.000000 3.992530 -0.001275 
47 2.738188 0.000000 -0.778983 19.556155 0.000000 3.561692 0.012178 
48 2.738188 0.000000 -2.548700 19.547253 0.000000 3.902517 0.006688 
49 4.546875 0.000000 -0.778983 19.624929 0.000000 3.675064 0.003390 
50 2.738188 0.000000 0.990734 19.965262 0.000005 1.703338 -0.003783 
51 -0.879187 0.000000 2.760450 19.753115 -0.000000 4.052433 -0.016519 
52 -2.687875 0.000000 2.760450 19.631045 -0.000000 4.069305 -0.004843 
53 0.929500 0.000000 2.760450 19.907457 -0.000000 3.706836 -0.025119 
54 -0.879187 0.000000 4.530167 19.662217 -0.000000 4.017022 -0.006848 
55 0.025156 0.000000 0.105875 18.965622 0.000000 4.175942 0.057167 
56 -0.879187 0.000000 0.105875 19.439935 0.000000 4.208663 0.010940 
57 0.025156 0.000000 -0.778983 19.291918 0.000000 3.963432 0.030283 
58 0.929500 0.000000 0.105875 18.821639 0.000001 3.039512 0.091268 
59 0.025156 0.000000 0.990734 20.029433 -0.000000 5.065827 -0.067102 
60 2.738188 0.000000 2.760450 19.767339 -0.000001 3.437157 -0.006404 
61 4.546875 0.000000 2.760450 19.760597 -0.000001 3.253368 -0.002664 
62 2.738188 0.000000 4.530167 19.668099 -0.000000 3.864509 -0.004421 
63 1.833844 0.000000 0.105875 19.465791 0.000002 2.848088 0.032428 
64 1.833844 0.000000 -0.778983 19.442409 0.000001 3.545460 0.023556 
65 2.738188 0.000000 0.105875 19.659073 0.000002 3.044131 0.010635 
66 1.833844 0.000000 0.990734 19.940987 -0.000000 1.332728 0.001452 
67 0.025156 0.000000 1.875592 20.152696 -0.000000 4.014931 -0.055627 
68 -0.879187 0.000000 1.875592 19.787257 -0.000000 4.152336 -0.021944 
69 0.929500 0.000000 1.875592 20.323863 -0.000001 3.250811 -0.059068 
70 0.025156 0.000000 2.760450 19.870254 -0.000000 3.937178 -0.025821 
71 0.477328 0.000000 0.548304 17.074630 0.000001 3.957120 0.231996 
72 0.025156 0.000000 0.548304 18.955670 0.000000 4.763944 0.044969 
73 0.477328 0.000000 0.105875 18.617619 0.000001 3.682296 0.099562 
74 0.929500 0.000000 0.548304 18.441286 0.000002 1.944263 0.140347 
75 0.477328 0.000000 0.990734 19.877380 -0.000000 0.053773 0.012217 
76 1.833844 0.000000 1.875592 19.983201 -0.000001 2.828624 -0.018324 
77 2.738188 0.000000 1.875592 19.876878 -0.000001 2.704340 -0.006009 
78 1.833844 0.000000 2.760450 19.830623 -0.000001 3.527163 -0.014236 
79 1.381672 0.000000 0.548304 19.264926 0.000002 2.000374 0.062153 
80 1.381672 0.000000 0.105875 19.226049 0.000001 2.837460 0.055770 
81 1.833844 0.000000 0.548304 19.618238 0.000002 2.210914 0.025592 
82 1.381672 0.000000 0.990734 20.567631 -0.000001 0.861659 -0.059425 
1 1 12 10 11 
2 12 7 13 10 
3 11 10 14 6 
4 7 16 15 13 
5 16 2 17 15 
6 15 17 8 18 
7 6 14 19 20 
8 19 21 9 22 
9 20 19 22 4 
10 10 25 23 24 
11 25 13 26 23 
12 24 23 27 14 
13 18 8 29 28 
14 28 29 3 30 
15 21 28 30 9 
16 13 32 31 26 
17 32 15 33 31 
18 31 33 18 34 
19 14 27 35 36 
20 35 37 21 38 
21 36 35 38 19 
22 23 41 39 40 
23 41 26 42 39 
24 40 39 43 27 
25 34 18 45 44 
26 44 45 28 46 
27 37 44 46 21 
28 26 48 47 42 
29 48 31 49 47 
30 47 49 34 50 
31 27 43 51 52 
32 51 53 37 54 
33 52 51 54 35 
34 39 57 55 56 
35 57 42 58 55 
36 56 55 59 43 
37 50 34 61 60 
38 60 61 44 62 
39 53 60 62 37 
40 42 64 63 58 
41 64 47 65 63 
42 63 65 50 66 
43 43 59 67 68 
44 59 5 69 67 
45 67 69 53 70 
46 68 67 70 51 
47 55 73 71 72 
48 73 58 74 71 
49 71 74 5 75 
50 72 71 75 59 
51 5 66 76 69 
52 66 50 77 76 
53 76 77 60 78 
54 69 76 78 53 
55 58 80 79 74 
56 80 63 81 79 
57 79 81 66 82 
58 74 79 82 5 
