2 0.000000 20.000000 82.066944
82 58 
1 -13.540000 0.000000 -13.167000 19.987045 0.000013 0.699428 0.000072 
2 15.399000 0.000000 -13.167000 19.987050 0.000077 0.694396 0.000089 
3 15.399000 0.000000 15.148467 19.988692 0.000092 0.691715 -0.000066 
4 -13.540000 0.000000 15.148467 19.988804 0.000013 0.696813 -0.000095 
5 0.929500 0.000000 0.990734 19.721421 0.002694 -2.237844 0.015144 
6 -13.540000 0.000000 0.990734 19.988136 0.000020 0.699141 -0.000036 
7 0.929500 0.000000 -13.167000 19.985282 0.000044 0.699013 0.000250 
8 15.399000 0.000000 0.990734 20.005791 -0.009588 0.175485 -0.000656 
9 0.929500 0.000000 15.148467 19.990386 0.000048 0.691995 -0.000236 
10 -6.305250 0.000000 -6.088133 19.984677 0.000045 0.701390 0.000302 
11 -13.540000 0.000000 -6.088133 19.987188 0.000017 0.699305 0.000058 
12 -6.305250 0.000000 -13.167000 19.986081 0.000024 0.700195 0.000166 
13 0.929500 0.000000 -6.088133 19.977796 0.000148 0.694489 0.001013 
14 -6.305250 0.000000 0.990734 19.989285 0.000067 0.702802 -0.000164 
15 8.164250 0.000000 -6.088133 19.984954 0.000273 0.681169 0.000344 
16 8.164250 0.000000 -13.167000 19.986097 0.000065 0.695972 0.000179 
17 15.399000 0.000000 -6.088133 19.987463 0.000297 0.680904 0.000094 
18 8.164250 0.000000 0.990734 20.005406 -0.011022 0.167265 -0.000611 
19 -6.305250 0.000000 8.069600 19.991777 0.000047 0.695651 -0.000388 
20 -13.540000 0.000000 8.069600 19.988893 0.000018 0.697919 -0.000107 
21 0.929500 0.000000 8.069600 19.997470 0.000166 0.681121 -0.000907 
22 -6.305250 0.000000 15.148467 19.989756 0.000025 0.694891 -0.000183 
23 -2.687875 0.000000 -2.548700 19.974492 0.000137 0.706909 0.001300 
24 -6.305250 0.000000 -2.548700 19.985231 0.000059 0.702319 0.000243 
25 -2.687875 0.000000 -6.088133 19.980748 0.000081 0.701601 0.000694 
26 0.929500 0.000000 -2.548700 19.948601 0.000387 0.666822 0.004022 
27 -2.687875 0.000000 0.990734 19.995355 0.000187 0.718523 -0.000826 
28 8.164250 0.000000 8.069600 19.991078 0.000334 0.676190 -0.000251 
29 15.399000 0.000000 8.069600 19.989098 0.000404 0.676382 -0.000054 
30 8.164250 0.000000 15.148467 19.989547 0.000074 0.691166 -0.000149 
31 4.546875 0.000000 -2.548700 19.977504 0.000691 0.629206 0.001259 
32 4.546875 0.000000 -6.088133 19.981272 0.000225 0.684763 0.000700 
33 8.164250 0.000000 -2.548700 19.986587 0.000827 0.631549 0.000344 
34 4.546875 0.000000 0.990734 20.003003 -0.016338 0.183186 -0.000385 
35 -2.687875 0.000000 4.530167 20.003975 0.000147 0.693005 -0.001598 
36 -6.305250 0.000000 4.530167 19.992312 0.000061 0.698979 -0.000453 
37 0.929500 0.000000 4.530167 20.022168 0.000451 0.646816 -0.003264 
38 -2.687875 0.000000 8.069600 19.995417 0.000087 0.690362 -0.000733 
39 -0.879187 0.000000 -0.778983 19.924422 0.000365 0.728013 0.006219 
40 -2.687875 0.000000 -0.778983 19.976885 0.000169 0.714379 0.001034 
41 -0.879187 0.000000 -2.548700 19.958138 0.000226 0.700923 0.002954 
42 0.929500 0.000000 -0.778983 19.840428 0.000436 0.557107 0.015118 
43 -0.879187 0.000000 0.990734 20.030061 0.000451 0.800497 -0.004610 
44 4.546875 0.000000 4.530167 19.999331 0.000936 0.625237 -0.000910 
45 8.164250 0.000000 4.530167 19.992397 0.001169 0.623940 -0.000213 
46 4.546875 0.000000 8.069600 19.994202 0.000263 0.676351 -0.000564 
47 2.738188 0.000000 -0.778983 19.951296 0.000003 0.468799 0.004315 
48 2.738188 0.000000 -2.548700 19.963794 0.000529 0.636536 0.002604 
49 4.546875 0.000000 -0.778983 19.982932 0.000189 0.483948 0.001121 
50 2.738188 0.000000 0.990734 20.001894 -0.012629 0.145847 -0.000243 
51 -0.879187 0.000000 2.760450 20.056482 0.000396 0.686767 -0.006835 
52 -2.687875 0.000000 2.760450 20.007274 0.000177 0.704209 -0.001967 
53 0.929500 0.000000 2.760450 20.099754 0.000738 0.552068 -0.010762 
54 -0.879187 0.000000 4.530167 20.017126 0.000255 0.676643 -0.002858 
55 0.025156 0.000000 0.105875 19.721920 0.000466 0.785326 0.026073 
56 -0.879187 0.000000 0.105875 19.935760 0.000420 0.776989 0.004904 
57 0.025156 0.000000 -0.778983 19.855936 -0.000107 0.684874 0.013182 
58 0.929500 0.000000 0.105875 19.632806 0.000287 0.285829 0.036178 
59 0.025156 0.000000 0.990734 20.172865 0.000515 1.104580 -0.020411 
60 2.738188 0.000000 2.760450 20.024533 0.001110 0.495067 -0.003068 
61 4.546875 0.000000 2.760450 20.001861 0.001377 0.494214 -0.000797 
62 2.738188 0.000000 4.530167 20.009933 0.000714 0.628929 -0.001982 
63 1.833844 0.000000 0.105875 19.896543 -0.001714 0.202411 0.010217 
64 1.833844 0.000000 -0.778983 19.905293 0.000235 0.480111 0.008872 
65 2.738188 0.000000 0.105875 19.966423 -0.004558 0.242234 0.003208 
66 1.833844 0.000000 0.990734 20.008116 -0.003865 0.072007 -0.000825 
67 0.025156 0.000000 1.875592 20.213532 0.000555 0.659015 -0.022553 
68 -0.879187 0.000000 1.875592 20.076628 0.000442 0.730104 -0.009010 
69 0.929500 0.000000 1.875592 20.231817 0.000675 0.373209 -0.023664 
70 0.025156 0.000000 2.760450 20.097566 0.000577 0.635225 -0.010789 
71 0.477328 0.000000 0.548304 18.903493 0.000547 0.722406 0.105340 
72 0.025156 0.000000 0.548304 19.733460 0.000501 1.018584 0.023883 
73 0.477328 0.000000 0.105875 19.552043 0.000473 0.574630 0.043469 
74 0.929500 0.000000 0.548304 19.463327 0.000386 -0.194070 0.052853 
75 0.477328 0.000000 0.990734 20.015686 0.000231 0.047626 -0.001575 
76 1.833844 0.000000 1.875592 20.078774 0.000045 0.292836 -0.008107 
77 2.738188 0.000000 1.875592 20.024958 -0.001317 0.305367 -0.002731 
78 1.833844 0.000000 2.760450 20.058132 0.000955 0.503977 -0.006457 
79 1.381672 0.000000 0.548304 19.861999 -0.000637 -0.028743 0.013750 
80 1.381672 0.000000 0.105875 19.808495 -0.000372 0.203229 0.018956 
81 1.833844 0.000000 0.548304 19.939401 -0.003129 0.056719 0.006043 
82 1.381672 0.000000 0.990734 20.006604 -0.001321 -0.023075 -0.000662 
1 1 12 10 11 
2 12 7 13 10 
3 11 10 14 6 
4 7 16 15 13 
5 16 2 17 15 
6 15 17 8 18 
7 6 14 19 20 
8 19 21 9 22 
9 20 19 22 4 
10 10 25 23 24 
11 25 13 26 23 
12 24 23 27 14 
13 18 8 29 28 
14 28 29 3 30 
15 21 28 30 9 
16 13 32 31 26 
17 32 15 33 31 
18 31 33 18 34 
19 14 27 35 36 
20 35 37 21 38 
21 36 35 38 19 
22 23 41 39 40 
23 41 26 42 39 
24 40 39 43 27 
25 34 18 45 44 
26 44 45 28 46 
27 37 44 46 21 
28 26 48 47 42 
29 48 31 49 47 
30 47 49 34 50 
31 27 43 51 52 
32 51 53 37 54 
33 52 51 54 35 
34 39 57 55 56 
35 57 42 58 55 
36 56 55 59 43 
37 50 34 61 60 
38 60 61 44 62 
39 53 60 62 37 
40 42 64 63 58 
41 64 47 65 63 
42 63 65 50 66 
43 43 59 67 68 
44 59 5 69 67 
45 67 69 53 70 
46 68 67 70 51 
47 55 73 71 72 
48 73 58 74 71 
49 71 74 5 75 
50 72 71 75 59 
51 5 66 76 69 
52 66 50 77 76 
53 76 77 60 78 
54 69 76 78 53 
55 58 80 79 74 
56 80 63 81 79 
57 79 81 66 82 
58 74 79 82 5 
