2 0.000000 20.000000 82.066944
82 58 
1 -13.540000 0.000000 -13.167000 19.996595 -0.000002 -0.347667 0.000038 
2 15.399000 0.000000 -13.167000 19.996420 -0.000021 -0.350793 0.000050 
3 15.399000 0.000000 15.148467 19.997236 0.000003 -0.352684 -0.000035 
4 -13.540000 0.000000 15.148467 19.997471 -0.000001 -0.350257 -0.000054 
5 0.929500 0.000000 0.990734 19.804443 -0.000006 -2.247302 0.006834 
6 -13.540000 0.000000 0.990734 19.997216 -0.000002 -0.348417 -0.000025 
7 0.929500 0.000000 -13.167000 19.995622 -0.000010 -0.346951 0.000137 
8 15.399000 0.000000 0.990734 19.996460 0.020355 -0.366722 0.000017 
9 0.929500 0.000000 15.148467 19.998153 0.000001 -0.353806 -0.000128 
10 -6.305250 0.000000 -6.088133 19.995409 -0.000009 -0.345935 0.000160 
11 -13.540000 0.000000 -6.088133 19.996684 -0.000002 -0.347981 0.000029 
12 -6.305250 0.000000 -13.167000 19.996098 -0.000004 -0.346689 0.000090 
13 0.929500 0.000000 -6.088133 19.991431 -0.000057 -0.348052 0.000554 
14 -6.305250 0.000000 0.990734 19.998156 -0.000007 -0.346408 -0.000116 
15 8.164250 0.000000 -6.088133 19.994861 -0.000129 -0.358392 0.000193 
16 8.164250 0.000000 -13.167000 19.995957 -0.000017 -0.349226 0.000099 
17 15.399000 0.000000 -6.088133 19.996212 -0.000147 -0.360242 0.000054 
18 8.164250 0.000000 0.990734 19.996969 0.026701 -0.312251 0.000058 
19 -6.305250 0.000000 8.069600 19.999113 -0.000001 -0.351548 -0.000220 
20 -13.540000 0.000000 8.069600 19.997579 -0.000001 -0.349340 -0.000063 
21 0.929500 0.000000 8.069600 20.001621 0.000019 -0.360992 -0.000488 
22 -6.305250 0.000000 15.148467 19.997923 -0.000001 -0.351924 -0.000102 
23 -2.687875 0.000000 -2.548700 19.990196 -0.000039 -0.341382 0.000689 
24 -6.305250 0.000000 -2.548700 19.995816 -0.000010 -0.345927 0.000119 
25 -2.687875 0.000000 -6.088133 19.993281 -0.000022 -0.344686 0.000375 
26 0.929500 0.000000 -2.548700 19.974694 -0.000296 -0.361390 0.002202 
27 -2.687875 0.000000 0.990734 20.003085 -0.000018 -0.337837 -0.000594 
28 8.164250 0.000000 8.069600 19.998052 0.000046 -0.360710 -0.000131 
29 15.399000 0.000000 8.069600 19.997044 0.000045 -0.358870 -0.000026 
30 8.164250 0.000000 15.148467 19.997672 0.000002 -0.353623 -0.000080 
31 4.546875 0.000000 -2.548700 19.989269 -0.000758 -0.388574 0.000695 
32 4.546875 0.000000 -6.088133 19.992989 -0.000104 -0.354870 0.000386 
33 8.164250 0.000000 -2.548700 19.994191 -0.000881 -0.391930 0.000197 
34 4.546875 0.000000 0.990734 19.996071 0.029082 -0.295317 0.000173 
35 -2.687875 0.000000 4.530167 20.005925 0.000008 -0.354590 -0.000907 
36 -6.305250 0.000000 4.530167 19.999622 -0.000002 -0.349108 -0.000267 
37 0.929500 0.000000 4.530167 20.013648 0.000147 -0.381489 -0.001729 
38 -2.687875 0.000000 8.069600 20.000895 0.000004 -0.355655 -0.000406 
39 -0.879187 0.000000 -0.778983 19.963647 -0.000174 -0.325638 0.003367 
40 -2.687875 0.000000 -0.778983 19.992169 -0.000040 -0.338250 0.000497 
41 -0.879187 0.000000 -2.548700 19.981018 -0.000110 -0.342421 0.001604 
42 0.929500 0.000000 -0.778983 19.911482 -0.000918 -0.419539 0.008392 
43 -0.879187 0.000000 0.990734 20.029982 -0.000024 -0.292350 -0.003214 
44 4.546875 0.000000 4.530167 20.000904 0.000365 -0.386058 -0.000463 
45 8.164250 0.000000 4.530167 19.997356 0.000385 -0.382368 -0.000101 
46 4.546875 0.000000 8.069600 19.999700 0.000039 -0.362061 -0.000298 
47 2.738188 0.000000 -0.778983 19.971039 -0.002762 -0.476543 0.002326 
48 2.738188 0.000000 -2.548700 19.982104 -0.000576 -0.381593 0.001425 
49 4.546875 0.000000 -0.778983 19.987890 -0.003657 -0.476925 0.000642 
50 2.738188 0.000000 0.990734 19.995059 0.024663 -0.305360 0.000259 
51 -0.879187 0.000000 2.760450 20.035330 0.000090 -0.362166 -0.003864 
52 -2.687875 0.000000 2.760450 20.008655 0.000003 -0.347333 -0.001167 
53 0.929500 0.000000 2.760450 20.051391 0.000537 -0.433794 -0.005616 
54 -0.879187 0.000000 4.530167 20.012341 0.000040 -0.365764 -0.001569 
55 0.025156 0.000000 0.105875 19.852301 -0.000575 -0.284139 0.014514 
56 -0.879187 0.000000 0.105875 19.973876 -0.000152 -0.299746 0.002386 
57 0.025156 0.000000 -0.778983 19.923486 -0.000405 -0.345506 0.007338 
58 0.929500 0.000000 0.105875 19.795980 -0.002032 -0.568647 0.019490 
59 0.025156 0.000000 0.990734 20.102477 0.000097 -0.134367 -0.010319 
60 2.738188 0.000000 2.760450 20.009965 0.001514 -0.448229 -0.001499 
61 4.546875 0.000000 2.760450 19.998718 0.001908 -0.440113 -0.000356 
62 2.738188 0.000000 4.530167 20.006478 0.000286 -0.387291 -0.001023 
63 1.833844 0.000000 0.105875 19.943664 -0.003778 -0.593349 0.004745 
64 1.833844 0.000000 -0.778983 19.946702 -0.001767 -0.466480 0.004779 
65 2.738188 0.000000 0.105875 19.974218 -0.006417 -0.574240 0.001752 
66 1.833844 0.000000 0.990734 19.990030 0.005874 -0.327481 0.000729 
67 0.025156 0.000000 1.875592 20.118903 0.000374 -0.383596 -0.012293 
68 -0.879187 0.000000 1.875592 20.050063 0.000079 -0.337012 -0.005297 
69 0.929500 0.000000 1.875592 20.104235 0.001284 -0.527366 -0.011146 
70 0.025156 0.000000 2.760450 20.054860 0.000240 -0.392843 -0.005879 
71 0.477328 0.000000 0.548304 19.391474 -0.001790 -0.295652 0.059708 
72 0.025156 0.000000 0.548304 19.867782 -0.000481 -0.161680 0.013113 
73 0.477328 0.000000 0.105875 19.748896 -0.001215 -0.401448 0.024550 
74 0.929500 0.000000 0.548304 19.704858 -0.003616 -0.855397 0.027467 
75 0.477328 0.000000 0.990734 19.973147 -0.000226 0.045392 0.002678 
76 1.833844 0.000000 1.875592 20.024426 0.002589 -0.524360 -0.003132 
77 2.738188 0.000000 1.875592 20.005135 0.004248 -0.508409 -0.001160 
78 1.833844 0.000000 2.760450 20.027153 0.001014 -0.450405 -0.003224 
79 1.381672 0.000000 0.548304 19.974443 -0.004288 -0.641486 0.001525 
80 1.381672 0.000000 0.105875 19.901880 -0.002800 -0.601973 0.008882 
81 1.833844 0.000000 0.548304 19.969868 -0.005046 -0.574129 0.002187 
82 1.381672 0.000000 0.990734 19.770297 0.005279 -0.303146 0.022609 
1 1 12 10 11 
2 12 7 13 10 
3 11 10 14 6 
4 7 16 15 13 
5 16 2 17 15 
6 15 17 8 18 
7 6 14 19 20 
8 19 21 9 22 
9 20 19 22 4 
10 10 25 23 24 
11 25 13 26 23 
12 24 23 27 14 
13 18 8 29 28 
14 28 29 3 30 
15 21 28 30 9 
16 13 32 31 26 
17 32 15 33 31 
18 31 33 18 34 
19 14 27 35 36 
20 35 37 21 38 
21 36 35 38 19 
22 23 41 39 40 
23 41 26 42 39 
24 40 39 43 27 
25 34 18 45 44 
26 44 45 28 46 
27 37 44 46 21 
28 26 48 47 42 
29 48 31 49 47 
30 47 49 34 50 
31 27 43 51 52 
32 51 53 37 54 
33 52 51 54 35 
34 39 57 55 56 
35 57 42 58 55 
36 56 55 59 43 
37 50 34 61 60 
38 60 61 44 62 
39 53 60 62 37 
40 42 64 63 58 
41 64 47 65 63 
42 63 65 50 66 
43 43 59 67 68 
44 59 5 69 67 
45 67 69 53 70 
46 68 67 70 51 
47 55 73 71 72 
48 73 58 74 71 
49 71 74 5 75 
50 72 71 75 59 
51 5 66 76 69 
52 66 50 77 76 
53 76 77 60 78 
54 69 76 78 53 
55 58 80 79 74 
56 80 63 81 79 
57 79 81 66 82 
58 74 79 82 5 
