2 0.000000 20.000000 82.066944
82 58 
1 -13.540000 0.000000 -13.167000 19.996656 0.000000 -0.344177 0.000038 
2 15.399000 0.000000 -13.167000 19.996482 0.000000 -0.347299 0.000050 
3 15.399000 0.000000 15.148467 19.997295 -0.000000 -0.349178 -0.000034 
4 -13.540000 0.000000 15.148467 19.997530 -0.000000 -0.346767 -0.000054 
5 0.929500 0.000000 0.990734 19.803307 -0.000000 -2.247173 0.006948 
6 -13.540000 0.000000 0.990734 19.997275 -0.000000 -0.344929 -0.000025 
7 0.929500 0.000000 -13.167000 19.995686 0.000000 -0.343460 0.000136 
8 15.399000 0.000000 0.990734 19.996587 -0.000001 -0.359438 0.000018 
9 0.929500 0.000000 15.148467 19.998208 -0.000000 -0.350309 -0.000128 
10 -6.305250 0.000000 -6.088133 19.995470 0.000000 -0.342450 0.000160 
11 -13.540000 0.000000 -6.088133 19.996745 -0.000000 -0.344493 0.000029 
12 -6.305250 0.000000 -13.167000 19.996160 0.000000 -0.343200 0.000089 
13 0.929500 0.000000 -6.088133 19.991496 0.000000 -0.344577 0.000553 
14 -6.305250 0.000000 0.990734 19.998207 -0.000000 -0.342923 -0.000115 
15 8.164250 0.000000 -6.088133 19.994925 0.000000 -0.354920 0.000193 
16 8.164250 0.000000 -13.167000 19.996020 0.000000 -0.345733 0.000099 
17 15.399000 0.000000 -6.088133 19.996274 0.000000 -0.356772 0.000054 
18 8.164250 0.000000 0.990734 19.996846 -0.000001 -0.317443 0.000063 
19 -6.305250 0.000000 8.069600 19.999165 -0.000000 -0.348057 -0.000219 
20 -13.540000 0.000000 8.069600 19.997637 -0.000000 -0.345851 -0.000063 
21 0.929500 0.000000 8.069600 20.001651 -0.000000 -0.357471 -0.000485 
22 -6.305250 0.000000 15.148467 19.997980 -0.000000 -0.348432 -0.000101 
23 -2.687875 0.000000 -2.548700 19.990238 0.000000 -0.337916 0.000690 
24 -6.305250 0.000000 -2.548700 19.995872 0.000000 -0.342444 0.000120 
25 -2.687875 0.000000 -6.088133 19.993342 0.000000 -0.341205 0.000375 
26 0.929500 0.000000 -2.548700 19.974826 0.000000 -0.358082 0.002195 
27 -2.687875 0.000000 0.990734 20.003097 -0.000000 -0.334355 -0.000589 
28 8.164250 0.000000 8.069600 19.998100 -0.000000 -0.357138 -0.000129 
29 15.399000 0.000000 8.069600 19.997104 -0.000000 -0.355298 -0.000026 
30 8.164250 0.000000 15.148467 19.997728 -0.000000 -0.350119 -0.000079 
31 4.546875 0.000000 -2.548700 19.989306 0.000000 -0.385368 0.000698 
32 4.546875 0.000000 -6.088133 19.993055 0.000000 -0.351396 0.000386 
33 8.164250 0.000000 -2.548700 19.994246 0.000000 -0.388778 0.000197 
34 4.546875 0.000000 0.990734 19.995405 -0.000000 -0.316090 0.000210 
35 -2.687875 0.000000 4.530167 20.005953 -0.000000 -0.351096 -0.000904 
36 -6.305250 0.000000 4.530167 19.999672 -0.000000 -0.345620 -0.000266 
37 0.929500 0.000000 4.530167 20.013575 -0.000000 -0.377900 -0.001715 
38 -2.687875 0.000000 8.069600 20.000938 -0.000000 -0.352158 -0.000404 
39 -0.879187 0.000000 -0.778983 19.963610 0.000000 -0.322343 0.003376 
40 -2.687875 0.000000 -0.778983 19.992189 0.000000 -0.334784 0.000501 
41 -0.879187 0.000000 -2.548700 19.981044 0.000000 -0.338992 0.001607 
42 0.929500 0.000000 -0.778983 19.911104 0.000000 -0.416705 0.008436 
43 -0.879187 0.000000 0.990734 20.029936 -0.000000 -0.288446 -0.003204 
44 4.546875 0.000000 4.530167 20.000875 -0.000000 -0.382188 -0.000453 
45 8.164250 0.000000 4.530167 19.997402 -0.000000 -0.378468 -0.000098 
46 4.546875 0.000000 8.069600 19.999734 -0.000000 -0.358505 -0.000295 
47 2.738188 0.000000 -0.778983 19.970846 0.000000 -0.474563 0.002350 
48 2.738188 0.000000 -2.548700 19.982259 0.000000 -0.378303 0.001416 
49 4.546875 0.000000 -0.778983 19.987898 0.000000 -0.475234 0.000645 
50 2.738188 0.000000 0.990734 19.992912 -0.000000 -0.328377 0.000439 
51 -0.879187 0.000000 2.760450 20.035247 -0.000000 -0.358756 -0.003850 
52 -2.687875 0.000000 2.760450 20.008674 -0.000000 -0.343844 -0.001163 
53 0.929500 0.000000 2.760450 20.051128 -0.000000 -0.430245 -0.005582 
54 -0.879187 0.000000 4.530167 20.012334 -0.000000 -0.362251 -0.001562 
55 0.025156 0.000000 0.105875 19.851638 0.000000 -0.280755 0.014584 
56 -0.879187 0.000000 0.105875 19.973748 0.000000 -0.296419 0.002404 
57 0.025156 0.000000 -0.778983 19.923209 0.000000 -0.342268 0.007371 
58 0.929500 0.000000 0.105875 19.794772 0.000000 -0.566444 0.019615 
59 0.025156 0.000000 0.990734 20.102379 -0.000000 -0.130333 -0.010307 
60 2.738188 0.000000 2.760450 20.009438 -0.000000 -0.443813 -0.001436 
61 4.546875 0.000000 2.760450 19.998512 -0.000000 -0.435154 -0.000325 
62 2.738188 0.000000 4.530167 20.006388 -0.000000 -0.383534 -0.001007 
63 1.833844 0.000000 0.105875 19.942588 0.000001 -0.592437 0.004855 
64 1.833844 0.000000 -0.778983 19.946395 0.000000 -0.464123 0.004815 
65 2.738188 0.000000 0.105875 19.973596 0.000001 -0.573897 0.001815 
66 1.833844 0.000000 0.990734 19.987957 -0.000000 -0.328283 0.000935 
67 0.025156 0.000000 1.875592 20.118918 -0.000000 -0.380073 -0.012288 
68 -0.879187 0.000000 1.875592 20.049991 -0.000000 -0.333622 -0.005284 
69 0.929500 0.000000 1.875592 20.103909 -0.000000 -0.524195 -0.011105 
70 0.025156 0.000000 2.760450 20.054837 -0.000000 -0.388967 -0.005869 
71 0.477328 0.000000 0.548304 19.389225 0.000000 -0.292548 0.059931 
72 0.025156 0.000000 0.548304 19.867013 0.000000 -0.157918 0.013192 
73 0.477328 0.000000 0.105875 19.747827 0.000000 -0.398555 0.024661 
74 0.929500 0.000000 0.548304 19.702981 0.000000 -0.853723 0.027659 
75 0.477328 0.000000 0.990734 19.972655 -0.000000 0.045400 0.002728 
76 1.833844 0.000000 1.875592 20.023068 -0.000000 -0.520730 -0.002986 
77 2.738188 0.000000 1.875592 20.003930 -0.000000 -0.503442 -0.001027 
78 1.833844 0.000000 2.760450 20.026617 -0.000000 -0.446515 -0.003162 
79 1.381672 0.000000 0.548304 19.972463 0.000001 -0.640812 0.001725 
80 1.381672 0.000000 0.105875 19.900675 0.000001 -0.600436 0.009007 
81 1.833844 0.000000 0.548304 19.968577 0.000001 -0.573956 0.002316 
82 1.381672 0.000000 0.990734 19.770223 -0.000000 -0.304022 0.022615 
1 1 12 10 11 
2 12 7 13 10 
3 11 10 14 6 
4 7 16 15 13 
5 16 2 17 15 
6 15 17 8 18 
7 6 14 19 20 
8 19 21 9 22 
9 20 19 22 4 
10 10 25 23 24 
11 25 13 26 23 
12 24 23 27 14 
13 18 8 29 28 
14 28 29 3 30 
15 21 28 30 9 
16 13 32 31 26 
17 32 15 33 31 
18 31 33 18 34 
19 14 27 35 36 
20 35 37 21 38 
21 36 35 38 19 
22 23 41 39 40 
23 41 26 42 39 
24 40 39 43 27 
25 34 18 45 44 
26 44 45 28 46 
27 37 44 46 21 
28 26 48 47 42 
29 48 31 49 47 
30 47 49 34 50 
31 27 43 51 52 
32 51 53 37 54 
33 52 51 54 35 
34 39 57 55 56 
35 57 42 58 55 
36 56 55 59 43 
37 50 34 61 60 
38 60 61 44 62 
39 53 60 62 37 
40 42 64 63 58 
41 64 47 65 63 
42 63 65 50 66 
43 43 59 67 68 
44 59 5 69 67 
45 67 69 53 70 
46 68 67 70 51 
47 55 73 71 72 
48 73 58 74 71 
49 71 74 5 75 
50 72 71 75 59 
51 5 66 76 69 
52 66 50 77 76 
53 76 77 60 78 
54 69 76 78 53 
55 58 80 79 74 
56 80 63 81 79 
57 79 81 66 82 
58 74 79 82 5 
