2 0.000000 20.000000 82.066944
82 58 
1 -13.540000 0.000000 -13.167000 19.965220 -0.000000 1.163097 0.000093 
2 15.399000 0.000000 -13.167000 19.965497 -0.000000 1.157631 0.000097 
3 15.399000 0.000000 15.148467 19.967371 -0.000000 1.156614 -0.000084 
4 -13.540000 0.000000 15.148467 19.967179 -0.000000 1.163051 -0.000102 
5 0.929500 0.000000 0.990734 19.706474 -0.000000 -2.236130 0.016637 
6 -13.540000 0.000000 0.990734 19.966253 -0.000000 1.164241 -0.000017 
7 0.929500 0.000000 -13.167000 19.963418 -0.000000 1.160061 0.000290 
8 15.399000 0.000000 0.990734 19.998855 0.000001 0.599303 -0.000783 
9 0.929500 0.000000 15.148467 19.969093 -0.000000 1.159911 -0.000275 
10 -6.305250 0.000000 -6.088133 19.962228 -0.000000 1.163685 0.000388 
11 -13.540000 0.000000 -6.088133 19.965253 -0.000000 1.163727 0.000086 
12 -6.305250 0.000000 -13.167000 19.964171 -0.000000 1.162392 0.000202 
13 0.929500 0.000000 -6.088133 19.955097 0.000000 1.150963 0.001173 
14 -6.305250 0.000000 0.990734 19.966609 -0.000000 1.168522 -0.000077 
15 8.164250 0.000000 -6.088133 19.963625 -0.000000 1.141702 0.000375 
16 8.164250 0.000000 -13.167000 19.964434 -0.000000 1.157991 0.000201 
17 15.399000 0.000000 -6.088133 19.966297 -0.000000 1.143843 0.000097 
18 8.164250 0.000000 0.990734 20.008768 0.000001 0.422352 -0.001323 
19 -6.305250 0.000000 8.069600 19.970316 -0.000000 1.163450 -0.000418 
20 -13.540000 0.000000 8.069600 19.967201 -0.000000 1.163672 -0.000108 
21 0.929500 0.000000 8.069600 19.977430 -0.000000 1.151029 -0.001056 
22 -6.305250 0.000000 15.148467 19.968255 -0.000000 1.162300 -0.000205 
23 -2.687875 0.000000 -2.548700 19.949264 0.000000 1.165972 0.001668 
24 -6.305250 0.000000 -2.548700 19.962322 -0.000000 1.166356 0.000363 
25 -2.687875 0.000000 -6.088133 19.957878 -0.000000 1.160629 0.000840 
26 0.929500 0.000000 -2.548700 19.922641 0.000000 1.112593 0.004626 
27 -2.687875 0.000000 0.990734 19.968838 -0.000000 1.187114 -0.000409 
28 8.164250 0.000000 8.069600 19.970734 -0.000000 1.139084 -0.000319 
29 15.399000 0.000000 8.069600 19.968472 -0.000000 1.136214 -0.000077 
30 8.164250 0.000000 15.148467 19.968295 -0.000000 1.157544 -0.000182 
31 4.546875 0.000000 -2.548700 19.956843 0.000000 1.080898 0.001390 
32 4.546875 0.000000 -6.088133 19.959436 0.000000 1.142940 0.000786 
33 8.164250 0.000000 -2.548700 19.966764 0.000000 1.089027 0.000356 
34 4.546875 0.000000 0.990734 20.010200 -0.000003 0.370341 -0.001363 
35 -2.687875 0.000000 4.530167 19.983300 -0.000000 1.164574 -0.001721 
36 -6.305250 0.000000 4.530167 19.970525 -0.000000 1.166014 -0.000454 
37 0.929500 0.000000 4.530167 20.006889 -0.000000 1.117743 -0.003812 
38 -2.687875 0.000000 8.069600 19.974537 -0.000000 1.160308 -0.000821 
39 -0.879187 0.000000 -0.778983 19.887238 0.000000 1.179198 0.007768 
40 -2.687875 0.000000 -0.778983 19.949465 -0.000000 1.177874 0.001579 
41 -0.879187 0.000000 -2.548700 19.931231 0.000000 1.152282 0.003546 
42 0.929500 0.000000 -0.778983 19.803714 0.000000 0.976760 0.017147 
43 -0.879187 0.000000 0.990734 19.987051 -0.000000 1.283564 -0.002824 
44 4.546875 0.000000 4.530167 19.982240 -0.000000 1.080345 -0.001143 
45 8.164250 0.000000 4.530167 19.974241 -0.000000 1.072138 -0.000299 
46 4.546875 0.000000 8.069600 19.974198 -0.000000 1.142396 -0.000684 
47 2.738188 0.000000 -0.778983 19.931400 0.000000 0.892246 0.004858 
48 2.738188 0.000000 -2.548700 19.941152 0.000000 1.084248 0.002937 
49 4.546875 0.000000 -0.778983 19.966966 0.000000 0.919319 0.001188 
50 2.738188 0.000000 0.990734 20.005677 -0.000000 0.331997 -0.000843 
51 -0.879187 0.000000 2.760450 20.040077 -0.000000 1.168270 -0.007424 
52 -2.687875 0.000000 2.760450 19.985102 -0.000000 1.175289 -0.001964 
53 0.929500 0.000000 2.760450 20.100564 -0.000000 1.015026 -0.012657 
54 -0.879187 0.000000 4.530167 19.998985 -0.000000 1.151394 -0.003213 
55 0.025156 0.000000 0.105875 19.651534 0.000000 1.222584 0.030806 
56 -0.879187 0.000000 0.105875 19.887951 0.000000 1.240849 0.007324 
57 0.025156 0.000000 -0.778983 19.814344 0.000000 1.118468 0.015352 
58 0.929500 0.000000 0.105875 19.572486 0.000001 0.656345 0.041218 
59 0.025156 0.000000 0.990734 20.155948 -0.000000 1.650272 -0.022464 
60 2.738188 0.000000 2.760450 20.015880 -0.000000 0.928667 -0.003745 
61 4.546875 0.000000 2.760450 19.989741 -0.000000 0.917739 -0.001080 
62 2.738188 0.000000 4.530167 19.994201 -0.000000 1.090182 -0.002391 
63 1.833844 0.000000 0.105875 19.872539 0.000001 0.561709 0.011917 
64 1.833844 0.000000 -0.778983 19.878941 0.000000 0.898630 0.010050 
65 2.738188 0.000000 0.105875 19.954507 0.000001 0.615129 0.003598 
66 1.833844 0.000000 0.990734 20.014300 -0.000001 0.246986 -0.001583 
67 0.025156 0.000000 1.875592 20.221283 -0.000000 1.153949 -0.025580 
68 -0.879187 0.000000 1.875592 20.054797 -0.000000 1.216150 -0.009185 
69 0.929500 0.000000 1.875592 20.270214 -0.000001 0.806183 -0.028829 
70 0.025156 0.000000 2.760450 20.091359 -0.000000 1.116415 -0.012273 
71 0.477328 0.000000 0.548304 18.724382 0.000000 1.140689 0.120241 
72 0.025156 0.000000 0.548304 19.647611 0.000000 1.506011 0.029258 
73 0.477328 0.000000 0.105875 19.474776 0.000000 0.979348 0.049435 
74 0.929500 0.000000 0.548304 19.381238 0.000001 0.088820 0.060899 
75 0.477328 0.000000 0.990734 20.052881 -0.000000 0.048527 -0.005301 
76 1.833844 0.000000 1.875592 20.088922 -0.000001 0.679123 -0.010065 
77 2.738188 0.000000 1.875592 20.021499 -0.000001 0.684130 -0.003321 
78 1.833844 0.000000 2.760450 20.054709 -0.000000 0.947411 -0.007722 
79 1.381672 0.000000 0.548304 19.817503 0.000001 0.231903 0.018032 
80 1.381672 0.000000 0.105875 19.769816 0.000001 0.562173 0.022096 
81 1.833844 0.000000 0.548304 19.924238 0.000001 0.326462 0.007295 
82 1.381672 0.000000 0.990734 20.110834 -0.000001 0.102141 -0.011140 
1 1 12 10 11 
2 12 7 13 10 
3 11 10 14 6 
4 7 16 15 13 
5 16 2 17 15 
6 15 17 8 18 
7 6 14 19 20 
8 19 21 9 22 
9 20 19 22 4 
10 10 25 23 24 
11 25 13 26 23 
12 24 23 27 14 
13 18 8 29 28 
14 28 29 3 30 
15 21 28 30 9 
16 13 32 31 26 
17 32 15 33 31 
18 31 33 18 34 
19 14 27 35 36 
20 35 37 21 38 
21 36 35 38 19 
22 23 41 39 40 
23 41 26 42 39 
24 40 39 43 27 
25 34 18 45 44 
26 44 45 28 46 
27 37 44 46 21 
28 26 48 47 42 
29 48 31 49 47 
30 47 49 34 50 
31 27 43 51 52 
32 51 53 37 54 
33 52 51 54 35 
34 39 57 55 56 
35 57 42 58 55 
36 56 55 59 43 
37 50 34 61 60 
38 60 61 44 62 
39 53 60 62 37 
40 42 64 63 58 
41 64 47 65 63 
42 63 65 50 66 
43 43 59 67 68 
44 59 5 69 67 
45 67 69 53 70 
46 68 67 70 51 
47 55 73 71 72 
48 73 58 74 71 
49 71 74 5 75 
50 72 71 75 59 
51 5 66 76 69 
52 66 50 77 76 
53 76 77 60 78 
54 69 76 78 53 
55 58 80 79 74 
56 80 63 81 79 
57 79 81 66 82 
58 74 79 82 5 
